# the parameter of b hidden in the second hidden layer
-8.098673039713578659e-01
3.445433806792480569e-01
-5.996605696708482425e-01
2.878482322413947747e-01
4.031869932338189022e-02
-4.665980992786039616e-01
4.804799892603450195e-01
3.050024846644453502e-01
-3.707534478943793066e-01
-7.763367402241426740e-01
-6.042586353190003701e-01
2.676835874168798646e-01
2.757881431569040101e-02
1.145560140951625283e-01
-6.529144042146195481e-02
-4.154650293302733499e-01
-8.279253940552500080e-02
4.962077382133058684e-02
-6.529115003130371298e-01
-1.073622559439158797e-01
2.635250575512111393e-01
-8.187079648936282927e-01
-3.528859467689723223e-02
1.561763894755651139e-01
-2.264540777085726764e-01
9.748854888046192269e-01
-3.498923070826173154e-01
-3.589657122528805977e-01
-8.164150349990093036e-02
-6.965643246599801941e-01
-5.616392239173432221e-01
-1.179153766881585186e-01
5.515779168894132667e-01
4.275459463163930329e-02
1.273252754362444172e-01
2.822335551481687868e-02
7.265572239815382138e-02
-4.648745860930286744e-01
3.655231341907578257e-01
-2.448153894403070907e-01
-1.526725544964574639e-02
8.271379156565712709e-02
3.152508967112507277e-01
4.210002167236172599e-01
2.729536777443779538e-01
-2.606771407485320990e-01
-6.907512113909924922e-01
4.372664490593268782e-01
-1.549647171196660150e-02
-1.330529780626303615e-01
