# the parameter of b hidden in the first hidden layer
-4.695484702911506547e-01
-3.847931085449826094e-01
-2.769179688829217709e-02
-4.643459711836776804e-02
-2.185265380544508529e-02
-1.383223768690053090e-01
-1.212404565737461304e-01
-4.977482840707371237e-01
-2.603916012983767403e-02
-8.358485657371532776e-03
-4.987439286491681112e-01
-4.735670926208476045e-02
-4.303189560359943489e-01
-2.191988487986865630e-01
-3.321307894816836193e-01
-3.648909392992281675e-01
-1.710140941094436817e-01
-9.216353505198263477e-03
-3.862747938012193183e-01
-7.104393049378925941e-03
-7.363937032664933345e-03
-1.395516495305561787e-02
-5.700387669202505378e-03
-1.970875917758220242e-01
1.115455665699155663e+00
-8.389514972154492323e-02
-1.863837887775843527e-01
-1.984936961169054149e-03
-6.223257640296895633e-03
-9.870433369811550811e-03
-4.207384485829360199e-01
-9.061447429231784048e-03
-2.685979326584095328e-01
-5.011780009461216379e-01
-3.438429277536001610e-02
-1.225061254471010302e-01
1.587379431382789086e-01
-3.755897814159068204e-01
-4.174845699985376898e-03
-3.095041200134787673e-01
-1.402330929387692604e-01
-7.304058579165810354e-04
-8.865857360738726642e-03
-2.262197555414521138e-02
-6.181343143958166302e-03
-5.332280596999044997e-02
-4.355483338786990052e-03
-9.298503120260502575e-03
-5.960914468724330499e-03
-7.193223363310103681e-03
-4.195500829587720144e-03
-1.256713438646060998e-01
-4.224248450763102430e-02
-5.174228099274967053e-03
-1.612114699751251989e-01
-6.710419344353676235e-03
-4.524812850651967477e-01
-6.802245775392136429e-02
-1.657167259375285917e-01
2.946865565077221895e-03
-8.121482969098868174e-03
-2.782717256183643850e-01
-2.712439232041204042e-03
5.435501616936940783e-01
-4.759731067941084734e-03
-1.392693236583793931e-02
-4.933979084753822852e-01
-5.536460933213485092e-01
6.829064462277633085e-01
-7.112943794884036830e-01
-6.837187798305691122e-02
-2.254811831248128007e-01
6.453969474986834820e-01
-6.445500599956661449e-03
-3.149717070922299772e-02
-8.317741429000564263e-03
-5.625282263763201063e-02
-1.964667931601125558e-02
-3.044854694099362324e-02
-4.706499818023618387e-01
-4.457560450002186897e-02
-6.499944881634262678e-03
-7.771187883923948506e-03
-2.137562100431940892e-01
-7.857052835677572067e-03
-2.442212317825073753e-02
-6.648626862372881800e-03
-6.114564081790652833e-02
-1.095298858638074496e-01
-8.353135448019848031e-03
-4.679336884769673133e-01
-5.899627322208911284e-01
-7.875538682393039280e-03
-8.572862288950227130e-03
-5.016309719514458612e-05
3.127169043326067932e-01
-2.563830273329001375e-02
9.381190804885871648e-01
-3.580812732379579783e-03
-1.140484422239764206e-01
-5.140116111478285933e-03
-7.472132844719703293e-01
-4.670013429381933423e-01
-1.416496344459074186e-01
-1.139665759348587604e-01
-2.769325588103175306e-01
-1.061727480777490407e-01
-1.628798133928374137e-01
-5.166205243038874961e-01
-2.395497936269867789e-01
-2.481166347776909975e-01
-6.794286861632068408e-01
-1.974105319917116019e-01
-1.905803535326682230e-01
-9.662249849812853258e-03
-1.842161299357986948e-01
-7.490620448900519104e-03
-6.974249622548388781e-03
-1.091940389646687583e-02
-1.774160984720587197e-01
-1.664537364166963906e-01
-5.907849580879728224e-01
-1.596066990207589253e-03
-8.525517134972456640e-03
-3.398640890478825671e-01
-1.062971402266346546e-03
1.164477536072115349e+00
-2.674294782639346016e-02
-3.929124023484753189e-03
-5.037459249628890683e-03
9.290104117860656929e-01
-1.022786111839609352e-01
-2.896190012684823900e-01
-3.107288396538919195e-01
-5.173001438824878333e-03
-2.925703161928830398e-01
-6.163563293185908565e-01
-6.866505044884100295e-01
-4.838335140374657242e-03
-4.986580830829078770e-01
-2.268421885870199606e-01
5.587801938300778204e-01
-5.513597334783711459e-03
-5.759377593699228637e-01
-1.162304496519427598e-02
-8.185257630661747774e-02
-5.427632620562801392e-04
-6.530393753145163904e-02
-9.165308421517647658e-03
-2.131046959200853796e-01
-7.117744221058640644e-03
-2.060838164384616311e-01
-5.858550900728672906e-01
-1.254891836550253159e-01
-3.455309040092612305e-01
-1.161249845805830370e-02
-4.783853251221505641e-03
-4.240539113901477947e-02
-8.421103107073496866e-03
3.516067502869507535e-04
-2.659699379538582598e-01
-3.260513605205013210e-01
-5.232264351871415177e-03
-8.579418045976060225e-02
-2.821083398897113181e-02
4.469829139961423170e-01
-4.697429360554454258e-01
-2.714734166172472762e-01
-7.752825522130461777e-03
-4.624092575765991753e-01
-3.029456597585288291e-01
-6.582920520729814221e-03
-4.084290879041379413e-02
-8.142701114187611208e-03
-2.639590856943345165e-01
-2.100724471586359610e-01
-9.086070537459009500e-03
-1.995532353716304164e-01
-4.364031840665948958e-01
-3.422245272236086946e-03
-8.690761337292421396e-02
-3.319150033354844598e-01
-8.643543558587806278e-03
-3.880665849080438927e-03
-6.028266325470441611e-01
-9.438239301791160815e-03
-3.827773704409056510e-01
-5.795471955969129334e-03
-3.023467213993360093e-03
-1.605334869308526202e-01
-1.684617720816324327e-01
-4.075567993663865018e-01
-1.935285913775814381e-01
-1.296122233733522922e-01
-5.295438962536305055e-02
-4.663507222799160856e-01
-3.769365910468568809e-02
-4.665335784169396573e-03
-9.304504436801268319e-02
-3.561972208399646553e-03
-9.245940616063850342e-03
-3.016972741324119300e-01
9.680245098762265687e-01
-5.877590212502185885e-02
-2.067007005625552424e-04
-2.919334373296510465e-01
-6.543373923195982232e-03
-2.980317702975319172e-01
-8.498294277207290096e-03
-3.760847196708211326e-01
-1.010414662157287265e-02
-1.066911956918651649e-01
-6.929204028044570751e-02
-9.361003724029273720e-02
-1.005636914026703244e-01
-2.277328685029681755e-03
-6.670646626984630956e-01
-3.915101227138917395e-01
-2.786670171504802007e-01
-1.536207503485466364e-01
-3.801576085437508024e-01
-5.292000515070645061e-01
-7.363579626430312441e-03
-8.667385565754541846e-03
-3.716124362860712127e-01
-4.902716667325746069e-02
-2.623619774686759137e-02
-5.142249940554348697e-01
-7.054436860111307564e-03
-4.923594678990737654e-03
-1.266847959156333636e-01
-8.512160094720723838e-03
-4.653967166195046613e-03
-2.904629051985437305e-01
-7.877581678899127707e-03
-6.639723817890985647e-02
-1.020963486403506232e-01
-4.775873036712368624e-01
-6.795010087220048067e-01
-1.383052358361198109e-01
-5.690171758539537550e-03
-7.139067828701875160e-03
-6.966105499985093819e-02
-1.095612991807741769e-03
-1.701947921899579427e-02
-4.065996032095722246e-01
-9.285401651276255566e-03
-9.959669683302503629e-02
-4.073510007400644173e-01
-7.799659302599794009e-01
-3.815230694836652670e-01
-1.224250827471449199e-01
-3.815237336814866764e-03
-3.914146143456497251e-01
-1.254431873987445767e-01
-6.744194149880199628e-03
-3.996463738420950179e-02
-2.904524061073229801e-01
-6.780980326025504157e-03
-5.682481521406964990e-03
-9.900676707065242041e-03
-7.556380257042493755e-03
-7.905561249825292583e-03
-2.088231795128629460e-03
-2.090138422838321713e-02
-2.073532404465300641e-02
-2.222892854806383378e-01
-2.435621865281978327e-01
-5.519491343197393401e-02
7.238300543558875422e-01
-8.333764534286915507e-03
-8.328790534593715628e-03
-8.670275818316533489e-02
-7.506040312274353532e-02
-7.994275300048155064e-03
-4.871788854722181594e-01
-4.491544207111657916e-01
-2.593562162194832516e-02
-4.679522472203859751e-01
6.392504469939709333e-01
-7.339358456771116757e-01
-6.949105618067804961e-03
-1.061732464529653065e-02
-7.390984194526224738e-03
-4.040341186642205651e-01
7.095724411524136077e-02
-4.822672748579789198e-02
-6.479679908159584117e-04
-8.515876853141856051e-01
-1.404307496542012666e-02
8.641451363669320207e-01
-1.037885816506617202e-02
-2.001314916814405098e-01
-6.003261421731158343e-02
-8.071050568542658885e-03
-2.292709612457186075e-01
-6.913683218347232116e-03
-7.600535097546007139e-03
3.463627029415112246e-01
-2.333612558033924811e-01
-1.300248493273246627e-03
-2.185603782934852357e-01
-9.571051502564225169e-03
-3.764976425406572624e-01
-5.371329701924487492e-03
-1.160162262040570352e-01
-3.351918724924885656e-02
-4.601976610167956769e-03
-7.291350665024753930e-02
-1.038083534245862055e-01
-4.449186893551658820e-03
-4.281141371778504068e-01
-7.771498073134194828e-03
-4.971333955252300041e-01
-7.561484485657431198e-02
4.095647580636467833e-01
-4.670763458255742795e-01
-7.301746747232326813e-03
-1.431887808670347928e-01
-5.579965463200212694e-01
-8.219709865762985998e-03
-8.962748119673086961e-03
-3.786270950134172728e-03
-2.774119776883128830e-01
-3.318983961135739125e-01
-8.568064197508160063e-02
-6.139955992582312172e-01
-9.841613239225427412e-02
-2.884776804279104989e-01
-2.165875470724909213e-01
-5.912398024367307783e-03
-5.860296197709339433e-03
6.957880095134381104e-01
1.011511434616846339e+00
-8.207587071810421020e-03
-1.903062174764171000e-01
-3.085358829209919329e-01
-3.845915614925568549e-01
-4.706087481661742622e-01
-3.066189383797606957e-02
-5.803104478400783299e-03
-1.636921340223485705e-02
-8.583927388657633731e-03
-1.502468325318832669e-02
-9.606292209232461868e-03
-5.070569120576522322e-03
-9.952563230135776096e-02
-7.562937511785737532e-02
-8.703278571187534826e-03
1.873782590450337460e-01
-6.559461880080772953e-03
-7.830306391405779734e-03
-5.830396665031983838e-01
-6.075374711025830800e-03
7.021516648344956226e-05
-1.916881328037562879e-02
-2.302252846947346748e-02
-2.579370940429510095e-01
-8.500681033739598824e-02
-7.806099634316237060e-03
-3.669100807836495840e-03
-6.806311164230922049e-03
-9.538515726109531023e-02
-9.883097430045209922e-03
-5.764239120916096054e-02
-2.297361730179003133e-03
-1.392602654383812144e-01
-1.027701832086070632e-01
-2.570048853565641278e-01
-2.152891882604069940e-01
-4.829158270459674163e-01
-7.450219281647433300e-01
-1.674779674246615058e-01
9.952691481052515776e-01
-2.545798315389022903e-01
-6.224979340875322342e-02
-8.103104151768731125e-03
8.926005023333192234e-01
-4.911466378788483800e-01
-7.648128683424927632e-02
-4.302919555969789145e-01
-5.060662158596980209e-01
4.349813315499467814e-01
5.189200855444295879e-01
-8.975541502232847746e-02
-7.983353352773073230e-02
-3.774287123633679464e-01
-5.516927706510848552e-03
-5.660460026964111470e-03
-3.036234371083675332e-01
-1.094501048186513198e-01
-4.134193563973047048e-01
3.219567864473552588e-01
-9.215218917449969904e-01
-3.857837718233213531e-01
-3.409650333016250867e-01
-3.846861907631610178e-01
-5.184021951294675440e-03
-3.806415232593379620e-04
-4.255375044594991371e-03
-1.560555471240269478e-02
-8.419917983583881729e-03
-1.486156443365338302e-02
-8.394839239241823348e-02
-8.477277408146068061e-02
-2.390847123915693095e-01
-3.458069510428722904e-01
-2.657563781549241444e-01
8.932122044003770744e-01
-6.293944839948465916e-03
-3.888488646730676179e-01
-3.364835989820250672e-01
-2.448961283254093638e-02
-3.203387491022517408e-01
-5.277385055140695336e-01
-2.081546205581600029e-01
-9.993507480956930096e-04
-5.092152783118788495e-01
-3.235992512161484647e-01
-7.885747793696827254e-03
-2.110238484230343714e-01
-7.754280526207157909e-01
8.750923990511809691e-01
4.369900764816025962e-01
-4.024133635549957677e-02
-6.657944048266151160e-01
-5.559848779748270964e-01
-1.463671134020603226e-01
-1.930902570969262114e-02
-8.938903575198093795e-03
-2.101628922579801551e-01
-2.897732171569420978e-01
-1.299388166191232930e-01
-5.039757867424450311e-01
-3.938628385372734964e-01
-9.728783221120782670e-03
-9.136185496945160162e-03
-5.684270586268818093e-01
-2.485272064225664823e-01
-7.425922205207915495e-03
-5.210166989494076084e-01
-7.177946939059591525e-02
-6.766243187837388262e-02
-1.490480417799622537e-01
-1.286452695709640326e-01
-8.539617648789653293e-03
-2.821392392055642739e-01
-1.280460418029255865e-01
-1.260731539434889192e-01
-1.234192210442600426e-02
-2.300354538356374785e-03
-5.294782468369791939e-01
-7.172984642715376884e-03
-4.669630657632670712e-01
-3.993994877405123156e-01
-7.346183961530073497e-03
-6.998290329192690118e-01
7.438998784896686534e-01
6.326310690362261235e-01
-4.954451898640147567e-01
-4.295315381636102131e-03
-2.551482864045686028e-01
5.561415798384669040e-01
-2.779982545032289986e-03
-4.164795088912154331e-02
-2.701758581113369861e-01
-5.043379788639601458e-01
-4.930653301875544646e-03
-9.299837566035266956e-02
-4.294627658180957264e-01
-1.804214888799351713e-01
-2.788236680058017170e-01
-1.010111055751559545e-01
-3.970033550827692381e-01
-2.425840069195511206e-01
-6.439103771452634462e-01
-5.386113815678240761e-03
-2.455337893505542823e-01
-2.944032746487115215e-01
-2.952663670204896396e-01
-2.738940941861847111e-01
-1.097571083986057516e-01
-5.107247238507758857e-02
-4.071389322491283380e-01
-8.409699831876065942e-03
-4.801529766906451058e-02
9.614034370396142837e-01
-4.082757119311985483e-01
-1.155435482497679800e-01
-1.989970494164502723e-01
-7.525627612298245450e-02
-4.194468307812677932e-03
-5.675442831373814778e-01
-4.728256954239312693e-03
-7.636745081461471241e-02
-3.410302361097472534e-02
-2.407447199966438606e-02
-6.104464711584722120e-03
7.405440867652186565e-01
-8.235243814763443942e-03
