# the parameter of b visible in the second hidden layer
-2.252996833609538507e-01
-1.686897546296315387e-01
-1.493332721695858623e-01
-3.494241585176913190e-01
-4.290466429825514072e-01
-2.239731869665622099e-01
-9.338045979076470271e-02
-2.748558336732218610e-01
-4.329234476158738132e-01
-5.445772500815964090e-01
-2.834936577432014063e-02
-1.147803757462615565e-01
-2.559402092200353529e-01
-1.435879881830939286e-01
-2.286976940503856748e-01
-1.402273400881551835e-01
-3.396758054018046979e-01
-4.842823007326426121e-01
-5.189493518538508543e-02
-5.017608315808622654e-01
-4.742710264146146049e-01
-2.706584731782539222e-01
-4.372299864841662775e-01
-3.392335211519473259e-01
-1.767315199447342111e-01
-1.619745878832388186e-01
-3.122270393850043457e-01
-7.322381410177644101e-01
-5.806995309230438274e-01
-5.143345328986134168e-01
1.484857406872250318e-01
-5.377356423182412248e-01
-1.251360556254219325e-01
4.699322861871847723e-02
-2.380149795769881671e-01
-5.814583868343409928e-02
-2.988084643427177944e-01
2.290861291624267104e-01
-5.650854742363626837e-01
8.528325071385862988e-02
-2.180077159645299190e-01
7.295682558618887814e-01
-4.856025951821703601e-01
-2.848082667406697799e-01
-5.756337281274106488e-01
-3.340978001988643142e-01
-4.721892538638097214e-01
-4.852683121624981610e-01
-4.737139889659805481e-01
-4.940998888734527972e-01
-4.917828848939522213e-01
-1.998128949220263351e-01
-4.200462436826907786e-01
-5.458510816958860312e-01
-3.936190396395342073e-01
-6.222037013443751929e-01
3.620842896746800238e-02
-1.973383000072485016e-01
-7.384027480971809554e-02
-3.561381630731243475e-01
-4.979386335526863050e-01
-9.910598559739512703e-02
-5.614564521886705739e-01
2.251106025947582912e-02
7.749729286128990147e-01
-3.278308613834590157e-01
-3.931275376906334662e-01
4.888330427544618911e-02
3.197865277832157016e-01
5.289811990249709828e-01
-3.481441547985811846e-01
-7.769076141065263397e-02
2.639794593036058346e-01
-5.740613935178225935e-01
-2.922728544901723735e-01
-6.214385738844880880e-01
-3.960612514931621808e-01
-3.601877141247890601e-01
-2.535857151049357716e-01
-4.685108331698805140e-01
-2.429472337200247467e-01
8.460183059955121987e-01
-5.221051298380613437e-01
-2.784089821886698290e-02
-5.590926543554153305e-01
-3.385538446383912214e-01
-4.052723933405911749e-01
-2.290074238927897743e-01
-1.510444754159868397e-01
-5.212176479350826286e-01
-4.616552470907012151e-01
-6.157192554909689947e-02
-5.451927422529639911e-01
-5.259504601668674173e-01
7.824164610445436541e-01
-2.329425849338592203e-01
-3.989044469862599862e-01
-9.220854263049504951e-02
-4.481087544437052372e-01
-9.093949701490805504e-02
-4.792052971632007052e-01
-1.619350873365311416e-01
-1.481941578585351249e-01
-1.296351252826230191e-02
-3.519685823079299891e-01
-2.534716693069006266e-01
-2.594211083345888125e-01
-1.976030360337480418e-01
-2.245642268278075782e-01
-6.173993637772994675e-02
-3.297948266933488637e-01
1.122721853424820115e-01
-1.822691157060718492e-01
-2.101882300202471687e-01
-4.500217644098386538e-01
-3.077272479031361099e-02
-4.862279566871141046e-01
-3.834323531396994222e-01
-5.139678952670829748e-01
2.053476523911054730e-01
-4.122882373013243146e-02
8.434286925456194184e-02
8.312308321512439369e-01
-5.669094780084690255e-01
9.731433220720205057e-02
7.595266254030828001e-01
2.073018987087965892e-01
-3.859336142927202729e-01
-5.712479028478889553e-01
-5.635980848481082495e-01
-4.283278885685150306e-02
-1.365736093580889321e-01
-8.087060465484242899e-02
2.234100651806484802e-03
-4.320605732269417465e-01
-1.497701984067466019e-01
2.578150837007623930e-01
-3.915030051255649068e-01
-4.672416887494804105e-01
-1.460251563022546550e-01
-1.244977549860472738e-01
5.009140717631617445e-02
8.360332787418006673e-01
-2.442648455459207890e-01
-5.543471747131959448e-01
-2.251640567131265591e-01
7.992220707252338796e-01
-2.554917258232030086e-01
-5.371831190156913793e-01
-1.442495205747796050e-01
-5.073530781879433960e-01
-2.591802027944936082e-01
-1.282799472482515010e-02
-3.471410843305784005e-02
-5.608544693337194631e-02
-5.079563277760937856e-01
-5.748081318577841214e-01
-3.781434866686942398e-01
-5.590562192741014291e-01
-5.592811494596339195e-01
-2.718358368072251730e-01
-2.593528471803179247e-01
-5.246326355703851974e-01
-2.558285466601934455e-01
-2.128930794695705342e-01
-4.222481108583293896e-02
7.605260439233410552e-02
-2.786033641828877805e-01
-6.079164986327280085e-01
-1.308123933427837171e-01
-5.727686427865408964e-02
-5.420135743567559006e-01
-1.925838679019961086e-01
-4.895043443112514492e-01
5.000530033997643148e-02
-2.329513271085539572e-01
-5.202088925671755071e-01
-3.442864369482437903e-01
-1.533169325901810875e-01
-6.206573533385946195e-01
-2.442339847716052878e-02
-2.022191303576560406e-01
-4.942789388039863785e-01
-5.029137398546371651e-01
1.082867750762536892e-02
-4.171817320346471458e-01
-2.179526083061655850e-01
-4.567131712244682507e-01
-4.582085623884328274e-01
-2.989002108791744550e-01
5.902709313037239267e-03
7.821646495215009431e-02
4.289508257369167160e-02
-2.873221912061679206e-01
-3.811361009148436230e-01
-2.172066323596921200e-01
-9.171773127297033756e-02
-5.128557078548704462e-01
-3.712154570370792411e-02
-5.319753301430431014e-01
-4.405502399374809364e-01
1.205936861923209980e-01
2.226840566150024570e-01
-1.057432629344774166e-01
7.937162549192081640e-01
-2.013274150892047365e-01
-4.704902790194112616e-01
-1.432420662457949412e-01
-5.476367331896709878e-01
-3.734742698437931024e-02
-6.046352546199067479e-01
-1.165535784442990191e-01
-1.911773079425611588e-01
-3.563162185007766325e-02
-1.537464945395362048e-01
-5.416381338902787057e-01
-3.490209756862696633e-01
-2.364777143168867446e-01
-6.121005133476242061e-02
-2.181251905852624184e-01
1.071258013757351440e-01
-7.404443901272195205e-02
-4.816441700319964991e-01
-6.123501459194939933e-01
6.934562406069467999e-02
-4.192488421943660892e-01
-1.361479833619035906e-01
2.905640494217447481e-02
-4.714201043170116456e-01
8.060483632817854183e-01
-2.744587544717762007e-01
-5.127393806344290317e-01
9.041104358117419970e-01
8.226453721983670309e-02
-4.537770259042790411e-01
-3.427504139450855969e-01
-2.708788102414402266e-01
-2.075719251027139112e-01
-6.914479065825214488e-02
-6.481619254171569477e-02
7.810674952384291103e-01
-3.908979799145165246e-01
-2.403701391855821157e-01
7.937324798005263027e-01
-3.452433050209273158e-01
3.616990125208742746e-01
-5.999034909996303622e-01
-1.199069637867797716e-01
-1.230932855816206928e-01
8.571108732892845916e-02
-1.734135081626911046e-01
-2.202738107512144383e-01
-4.792743395640287063e-01
-2.300883793038598635e-01
-3.799075613557461595e-01
7.466403757769242144e-01
-2.745175041854611229e-03
-1.245448937975651878e-02
-3.657113208842962537e-01
-5.304290147897254837e-01
-5.899829521509156738e-01
-4.087592145214501427e-01
-5.216303548409075841e-01
-6.190556537565222728e-01
-3.566422578654704911e-01
-2.933579485769602369e-01
3.258255488372797937e-02
-2.603674996409897635e-01
-2.575120134260239224e-01
1.767602664540132429e-01
-5.324672685702732666e-01
-4.066873096374742369e-01
-1.864387558860076122e-01
-2.706219166153439604e-01
-3.964017925619877647e-01
-3.313943187504325011e-02
-2.479681151733095223e-01
-3.502717243968229699e-01
6.568266339185516167e-02
1.632349363881693549e-01
-3.413621399131501200e-01
-5.040898446126415022e-01
-6.303326586591855296e-01
-5.804254745150357886e-01
-4.838623898422399483e-01
-4.687976206256258549e-02
-3.844988510392168823e-01
-3.853837456761336488e-01
-2.454219890527806203e-01
-3.801689960440401417e-01
-7.620230343205286472e-02
-4.617174199974093396e-01
-8.218909162917133193e-02
-1.565567330804406021e-01
-5.546269350526760178e-01
2.863922867434618574e-02
-5.039849237133687820e-01
-5.478261248840838871e-01
-1.593362643278366797e-01
-3.250988366124354934e-01
-5.101720385237079602e-01
-1.789291700389170903e-01
-4.267905037044754657e-01
2.861896782039580756e-01
7.144297944498161357e-01
-3.362215712995814676e-01
-3.758551739789070534e-01
-5.102365019045782546e-01
-4.436593740633673622e-01
-1.028192704073014052e-01
-4.919220476103285389e-01
2.055326842507706198e-01
-5.726157472882401622e-01
-2.191545782581535151e-01
-4.401409911826034693e-01
1.252637512646285756e-01
-2.421093198144765035e-01
-5.258200166087088068e-01
2.578462768461807775e-01
-2.035383137427266564e-01
-5.612525108377711680e-01
-6.309667923327855199e-01
-4.929049279119283034e-01
-1.506043462506909819e-03
1.980253394137930847e-02
-1.914855185117302905e-01
2.706358538577838257e-01
-1.849659463927527947e-01
-1.116316453395772984e-01
-1.499466328375570479e-01
-4.629168139076214050e-01
-6.000170795452707262e-01
3.075559847074912923e-01
-4.080911748533218586e-01
8.038488811446620197e-01
1.419418874536687858e-01
9.550305265325061133e-02
1.128441487243056623e-01
-8.220877546928148649e-02
-8.772257488203738518e-02
-5.122810496754058862e-01
-2.704937817880455064e-01
-5.168844294545230644e-01
-3.187253341497258696e-01
-5.345595435684511454e-01
-4.946147002384271296e-01
4.548774656093774321e-02
1.139779981382923885e-01
-5.023507186811269065e-01
-2.895713990921634506e-01
-5.636004670669549910e-01
-4.992292806111519599e-01
-3.068370535278818201e-01
-4.829767440987646210e-01
-3.791060844527143203e-01
-2.983066241936448426e-01
-4.269276917598994192e-01
-8.905496872508560785e-03
-3.380960395511027339e-01
-4.486160573920586203e-01
-4.902836842767239189e-01
-4.708381741954893451e-01
-1.773594890169144234e-01
-5.774997530757712827e-01
-2.341153849991264024e-01
-5.115438498572010273e-01
-9.259819322437751188e-02
-5.101056913052318120e-02
1.353290175798620709e-01
2.685550911163908649e-02
9.645981116748355427e-03
-1.294396639049854303e-01
-3.475326147419711686e-01
2.599983888906416962e-01
4.482350040609670710e-02
-3.726633576848878970e-01
-5.364670912915527889e-01
5.653351481472041612e-02
-1.319684654601116502e-01
-2.391528708859057550e-01
-9.888398121296795851e-02
-3.835699565106463482e-01
-3.698262505549467782e-01
-3.379596135253793571e-02
-1.073597849662322606e-01
-1.265859768866947621e-02
-8.580262449661985036e-02
-4.495052498373273142e-01
8.074192391780601330e-01
-6.435273637213992370e-02
-3.189460087485309625e-01
4.767042079817997158e-02
4.516541602874975525e-01
2.224453453496099409e-01
4.606697894979486230e-02
-9.353330762391003084e-02
-3.151080486020651494e-01
-5.700529085797502171e-01
8.732808756226595470e-01
-4.693733627174147549e-01
-3.425716038307592415e-01
-5.344385823374118161e-01
-5.035592886404444135e-01
-2.174151042416414825e-01
1.456753235044219441e-01
-2.474625123284410200e-01
-7.324899627532560631e-02
-1.401088220463586088e-02
3.216069373953701627e-01
-5.425621581158824869e-01
-2.182495976866435927e-01
2.189672334426974801e-02
-3.699061077082528848e-01
-1.119784767189418440e-01
4.585671824321938331e-03
-1.859699527043306294e-02
-6.880799661189486160e-01
-2.649920616044426080e-01
-4.345888436703263663e-02
-6.018795619797596697e-01
-1.348222316889280403e-01
-2.801350111566772716e-01
4.406793386736567175e-01
2.553336423841019442e-01
-3.815395914110090159e-01
2.885832913533410427e-01
-9.196051022633677796e-02
-1.191177529068549040e-01
-4.507642882994460365e-01
-4.106173287987829879e-01
-2.534288159212628178e-01
-3.005997442582569734e-01
-4.854061174561071119e-03
3.394455741314541392e-02
9.029586790955697329e-02
-4.626590283882896504e-01
-5.005198302259566967e-01
1.073307043025492208e-01
-4.078711123880806450e-02
-4.337877962222355666e-01
5.684700117275242465e-03
-3.226853802073308408e-01
-2.966708601562806358e-01
3.072183918169758554e-01
1.571518664852859792e-01
-5.248351771824418810e-01
-5.597968927405937156e-02
4.988399626883630728e-02
-1.018577255024799427e-01
-5.077771672664970204e-01
8.046547904207113078e-01
-3.122835331195257802e-01
-5.173722354732841477e-01
3.692275261070671610e-01
-3.143756577693323506e-01
-4.457937818373349237e-01
7.447089346546860271e-03
1.772591193763818629e-01
1.264400023939431517e-01
1.348018167330776174e-01
-4.150367383264273458e-01
-5.752567959409716353e-02
-5.233034749357430293e-01
-5.425894649122096070e-01
-3.976984514208654620e-01
-1.762146378467931152e-01
2.834613702663086460e-02
-5.436048256811381041e-01
-3.468616549174393660e-01
-1.313037598448001456e-02
-5.491957421978815174e-02
-1.877444349554627523e-01
-1.385658198854358147e-01
-1.061132529538830749e-01
-1.858520491807663377e-01
1.286629974828047696e-01
-6.056463516486324528e-01
2.724120425339220386e-01
-6.867025787783828661e-02
-1.136694339885304800e-01
-1.485867484124320237e-01
-2.045031908596440795e-01
-2.653189884349016481e-01
-2.063594775807215675e-01
-5.547682434995032663e-01
-2.954747342954066602e-01
3.465407346174742553e-02
-9.097742114227916344e-02
-2.134003176418273473e-01
-2.960522855542731535e-01
-2.235795098698410144e-01
-4.976983535647802603e-01
9.820363266281102732e-02
7.582835231571907197e-01
-3.103959185957848033e-01
-1.474079099967910700e-01
-4.417659367008153759e-01
-4.958812990118763309e-01
3.155999365272850743e-01
-4.036886789322633451e-01
