# the parameter of b visible in the hidden layer
1.500654802617855665e-01
5.345867895080567145e-01
6.011166826009101127e-02
3.513330707359172411e-01
3.110378325758257345e-01
4.535655690093627346e-01
1.147152590739838607e-01
3.170140422733655483e-01
-1.248041546100148169e-01
1.001610945811046149e-01
4.807055034861717480e-01
-1.872820773455559640e-01
3.844945353008400457e-01
2.308891975489185677e-01
2.701482123375623101e-01
3.800969426923645478e-01
-8.257073566379251328e-02
-3.944699229143111552e-02
4.807447306652340435e-01
3.167801022746437600e-01
4.943957506501526211e-01
2.225601549933647894e-01
3.241772058245005472e-01
1.728997129233517671e-01
1.451847334594498773e-01
7.216847059676523291e-01
5.653774283542725709e-02
5.194316172119939345e-01
-1.468204133398453293e-01
2.675545210567940035e-01
8.912020552290744746e-02
4.931636838378430365e-01
2.263880827697159759e-01
5.611401329166892937e-01
-1.042513274376429544e-01
1.753823808750346325e-01
1.016887355692370487e-01
-3.060613620443743133e-02
1.965138672515453211e-01
5.726932475384463039e-01
3.182408707438970086e-01
3.811566511160032755e-01
1.185778988955804580e-01
3.554346390006342671e-01
2.411976742056359257e-01
3.193685934683356265e-01
4.870961889067050299e-01
3.856028642677715168e-01
2.497224721586877028e-01
2.543364023842289989e-01
-4.078603777690759657e-01
-5.368356432944496603e-01
-3.259607757487273938e-01
-1.949286774534977063e-01
-3.670851783560073467e-01
1.585503765940850796e-01
1.137372067994985858e-01
-2.536381539052122158e-01
4.464823633126414892e-02
-2.114570210043934806e-01
-2.342307294647711646e-01
-3.333916062282219483e-01
-3.157356590307810462e-01
-3.521595398534328458e-01
-2.318131148730873392e-01
-4.795282235913320146e-01
-2.125365221316212749e-01
-3.305985760769615811e-01
-4.482151469892953211e-01
-3.018919108521023742e-01
1.429452609705277044e-01
-2.714012600413062692e-01
-2.877559412904070468e-01
-2.334959077873853817e-01
-3.424976630288244506e-01
-2.915052008343234635e-01
2.633919719954914140e-01
-5.007281326401937793e-01
7.554958070611897392e-02
-2.210158252285640279e-01
-3.892188704418434453e-01
-1.662701044679305851e-01
-1.456927911274568388e-01
-2.236660150341739928e-01
6.800017519123134901e-01
1.413143524034597698e-01
-3.633971304037977856e-01
-2.422477429242286123e-02
-4.243399608173018533e-01
-1.876070437648074407e-01
-3.282437231938289957e-01
1.193149902748298630e-01
2.890794197658345110e-01
-2.980503507749439063e-01
-3.843674931906914116e-01
4.332560281317813788e-01
-2.801357459443364895e-01
-2.801712673000995579e-01
4.622951763348834842e-01
5.664982340548796458e-01
-3.951229218121408288e-02
6.449970509705680310e-01
1.629045595804977931e-01
6.173242773267613170e-01
3.693308176756975869e-01
1.343216121247889361e-01
-8.530073991534070643e-02
2.333488335318928131e-01
-1.001130977850000492e-01
5.077688031152731707e-01
1.913300714685906012e-01
3.637206038699575816e-01
1.843427729899850820e-01
2.627941040406861495e-01
1.980731928851219292e-01
2.873397402750400009e-01
7.417451671966708571e-02
1.249233963573402433e-02
3.601293208312152938e-01
9.213824747151552752e-02
1.594253185134481277e-01
-9.026726936480776453e-02
3.039044820054968010e-01
3.084454406698044493e-01
4.122043113173613077e-02
3.001288335242607297e-01
3.774562987754814247e-01
2.419198260011861529e-02
9.001283997794581881e-02
3.140727324956366640e-01
4.049564747273505239e-01
-1.986239131054327589e-01
4.068604540925742641e-01
2.564358666112904750e-01
1.381022926707568821e-01
-2.585196564285210941e-01
3.656783473407023699e-01
-1.551433523180812124e-01
2.161256172108579343e-01
4.831957514796002551e-01
4.003564697484123802e-01
2.382130819487308648e-01
2.701471172823228795e-01
1.494167552772962815e-01
3.362035063771779964e-01
1.593356878085039896e-01
3.444866924405660669e-01
2.083067893485290589e-01
2.343906120145505811e-01
1.026787820432646520e-01
2.117871433841916062e-01
1.025006965314525093e-01
6.840410547972138877e-01
3.015634976874765477e-02
-8.595035802393670432e-02
4.405187809808368549e-01
-9.881060195980170824e-02
5.019524336392443553e-01
8.873002315818822108e-03
5.706241646925577227e-01
5.272370906744372476e-01
4.672922280667992090e-01
3.789199451490882775e-01
2.519259936854367776e-01
1.359928423546383491e-01
4.410830361843561254e-01
1.091252671066854196e+00
8.854460372905560706e-02
2.086581516281915960e-01
2.466655242194201736e-01
5.963719069153353702e-01
2.957950216548134170e-01
5.893784661083919518e-01
1.822558755064485336e-01
-1.080171352579202826e-01
6.210085934319220513e-02
6.292885240775938360e-01
1.987243578737114824e-01
1.635600995233103816e-01
4.423051978186702538e-02
-5.873905702908659154e-02
4.738710543865493618e-01
4.430326262533780257e-01
3.042283362166511296e-01
4.410884153624490267e-01
4.842755396819766189e-01
1.277843728486528496e-01
6.132143683280638635e-02
1.666615151213055868e-01
2.627861984171200871e-01
5.103420674876671947e-01
9.553887904567938405e-02
9.753733409704234969e-01
1.290021833044347477e-01
1.095873544998912930e-01
3.148196041255947875e-01
3.466974991469713996e-01
5.503659049177491713e-01
4.060494950007038084e-01
2.163644754362316902e-01
1.916987824769596782e-01
1.433494320090900331e-01
1.114218128307661593e-01
3.525079841322494301e-01
8.479877410532311865e-02
1.862088215748835540e-01
-7.337331470934436994e-02
2.466100012873552183e-01
5.768846447667366206e-01
3.458538871806196568e-01
1.897519490471896997e-01
-2.086540090071866693e-01
1.464803170544548951e-03
3.045816085262546546e-01
1.517738433924019914e-01
1.889556758667651215e-01
2.632732455797678894e-01
5.025316742195348185e-01
2.387354347342485750e-01
1.780551680982326856e-01
-4.129637181653551120e-02
3.618675604068233853e-01
4.815698047018926453e-02
3.636227406529309730e-02
4.092430565667975334e-02
1.993954533715610877e-01
4.486188504370197672e-01
6.677117948710080686e-01
5.049279971610997064e-01
3.028295721028507193e-01
-1.202979159290254590e-01
4.348921349159288741e-01
1.503725783457043053e-01
1.412142187674624016e-01
3.806215453401189386e-01
7.342861432866115701e-01
3.453023185858195565e-01
3.148442526088107707e-01
1.443864859150142121e-01
6.306578186832130228e-01
4.774963217336772869e-01
2.921927668182220383e-01
9.798305126284960476e-02
4.037652117213245129e-01
1.281233198342899282e-01
1.344801456558861463e-01
7.483403198792119848e-02
6.279330640647631245e-01
9.476613526217754213e-01
3.458131135305815285e-01
