# the parameter of b visible in the hidden layer
5.467749323371338122e-01
7.521642422026276753e-01
6.167221507503051897e-02
-6.773381006900347501e-01
8.575743967943054713e-01
7.577045238101594027e-01
4.244182396140840086e-02
1.304229364289505033e-01
4.792672509149547011e-01
4.578667309789210549e-01
7.205446968741727187e-02
-5.339948433810465939e-02
1.444828362895251406e+00
-5.703160317874235163e-01
1.790694033497701454e-01
-5.350784956294112327e-01
-4.817090420269310447e-01
-5.723994690547594688e-01
2.963458644935096920e-01
2.754631357436773675e-01
-4.166943971201746977e-01
1.227129145659074272e+00
9.745726051162991732e-01
1.682363902946691026e+00
-2.502602617650618311e-01
1.080750192098921758e+00
9.422136217616450260e-01
5.152452489973124994e-01
-4.639273160275725338e-01
-3.301195625502306163e-01
2.621791656316072583e-01
-3.382014098342630559e-01
9.872312325052605697e-01
8.452504032480847584e-01
1.036544424000647724e-01
6.663141461904318330e-01
4.404578701807155411e-02
1.095966572163771247e-01
6.995089120551666317e-01
2.507103221455094122e+00
6.860196720936969639e-01
6.591451862733540557e-01
4.256608682277349121e-01
-8.693025894880823667e-01
3.282888714819328091e-01
-3.687354742315510081e-01
3.701574929085097443e-01
4.906658129805410162e-01
-1.148631274750675779e-01
2.484573319260491298e-01
