#  the values in the second combined hidden layer
7.608214708876848142e-01
6.908997297665071535e-01
6.609618849303014465e-02
6.653538266934375112e-02
9.871737141174915520e-01
9.149344014865521402e-01
3.459760834061736956e-01
7.979030929474485445e-01
9.981269770499763272e-01
7.678306907542126192e-01
9.238857657456102102e-01
4.648345995116793805e-01
4.251345704083798194e-01
2.612165383902951832e-01
9.972795559379933339e-01
2.875160189973967606e-01
2.949110967194374169e-02
9.201358626647930805e-01
1.860094690843093201e-01
6.320036439040515042e-01
1.333603483277831792e-01
9.050984964807923250e-01
7.484476471373008311e-01
3.507188533554420062e-01
8.236972779715780180e-03
6.012000945200147717e-01
8.487388916341190859e-01
7.619565936146857066e-01
2.872194144568740448e-01
6.381525897793684232e-02
6.422944846686308162e-01
2.532807114798892312e-01
5.771359075066718747e-01
1.118203035106335730e-01
9.187168986088544154e-01
8.091462025559149618e-01
9.719581058442171573e-01
6.096154049954340959e-01
7.863074649054062615e-01
7.019125849512222182e-01
9.006371462333536693e-01
1.906497357467228371e-01
4.594345983392584820e-01
2.391690661929677664e-01
5.240180897909904600e-02
7.388047727073183794e-03
5.941628453812858313e-01
2.947481717922882383e-01
1.449879055381401299e-02
2.220562003116340888e-01
1.162755748747070494e-01
8.921044768698735972e-01
2.500424811252136559e-01
1.688361868283262679e-02
3.391599138719118556e-01
1.736252986448250657e-01
8.583051344128106441e-01
1.076366418829562133e-01
9.777238763014105549e-01
1.807765405727451355e-02
6.439264489639505706e-01
4.099868414358451840e-01
1.708465524075520603e-01
5.321119137198263571e-01
5.965079664464449927e-01
8.920120577337183887e-01
1.201653869619735172e-02
7.422622596548601737e-02
3.778794304041661611e-01
7.552465522794344910e-01
5.391530813199227889e-01
1.204983423661089466e-02
1.329881821435962945e-02
4.360973338074336514e-01
8.608356389433509115e-01
6.558487904452148243e-01
2.871303866687956452e-01
6.179544642224815004e-02
9.928551979322826071e-01
3.001134102949447047e-01
7.496526774239886670e-01
1.014079502611502370e-01
1.819078603298228403e-02
1.322180753324368185e-01
9.915950006884339807e-01
9.906402513505795371e-01
2.964587313562738746e-02
4.711363927731556100e-01
5.086605323125388545e-03
1.774448395704354567e-03
3.578511093189883085e-02
1.251238610963416598e-01
1.518779452269570368e-03
3.287446825349157886e-02
3.364874048274518747e-01
1.626963156193503811e-03
1.142885423867353711e-03
3.263205398375904065e-02
8.350318475146976949e-02
4.117906361618020594e-01
1.080924687146148392e-03
8.599338940010951837e-02
5.448687542811438828e-03
8.272802779212450747e-03
1.635879520953425386e-03
8.605340191708601635e-03
3.216413052799365069e-01
6.662917184475891349e-04
6.446441582549052862e-01
2.691132164456459808e-02
2.482479400503780423e-02
9.478975109375470387e-02
3.685352336170107101e-02
1.247935943031046628e-03
2.151693619122277135e-01
4.771449459716131103e-01
1.437656423279512659e-02
6.821624535669811116e-04
6.423107542452362040e-01
4.427796789621071816e-02
7.675458874672019816e-01
3.467262204856979557e-01
3.489462791858070068e-01
8.905233075563587786e-01
8.319586842136360294e-02
3.542461745142006652e-02
3.385305108760772001e-03
1.134913300582912760e-01
2.635061821610197863e-01
6.544134862036142808e-01
1.047433103379334131e-03
9.987872407597715718e-02
4.869117082698229959e-01
8.418523037120072550e-01
9.689716474363371246e-01
9.738485276770950660e-01
9.983424255507536982e-01
9.819746379480487342e-01
9.983459857816069372e-01
9.649134360900653018e-01
1.599021217330041100e-01
9.303204053202999146e-01
8.676417507527238726e-01
3.007580628734851103e-01
2.223430369864289741e-02
4.793069632162324512e-01
9.912392343108267223e-01
1.281958096099745092e-01
1.680426104886760252e-01
1.989301364996203525e-01
3.232939396492578443e-01
9.779381115922085588e-01
5.713444892668992914e-01
4.851589524191260994e-01
1.042902752394647414e-01
4.157647346653308151e-01
8.858800545913844138e-01
1.227206386542209898e-01
7.066369755799264407e-01
2.722520136050834427e-01
8.996750828351094409e-01
6.351281880256244294e-01
1.212927908537208554e-01
8.654328485249883629e-01
3.030983574607806763e-01
4.558389308698441722e-01
8.957146954777854830e-01
9.192152024974188373e-01
9.494793900057642011e-01
9.061650234860180175e-01
6.095759482646341543e-02
3.027094076388783805e-01
9.171154394285796485e-01
7.686154009215848681e-01
5.439325263230168073e-01
9.284187270302247663e-01
8.721096823382679109e-01
1.846987969881810354e-01
9.975371700690073284e-01
6.109511513440695207e-01
1.375819732810059648e-01
6.323589854124350706e-01
8.787230571477931962e-01
4.633826464709764337e-01
8.448134974835100897e-01
2.485532729476345459e-01
9.241042057637927076e-01
7.183227234815617868e-01
8.835071583385334382e-01
8.761642542742222872e-01
9.986609295287482979e-01
9.981273140312921788e-01
9.847455198141460420e-01
1.375105728065208199e-01
9.061692013917107547e-01
4.821072552764095187e-01
3.539915710569493390e-01
9.852026545409704461e-01
2.478176091170206652e-01
1.096293280360897439e-02
9.329347957324279905e-01
3.390309566635766880e-01
1.044146444043162619e-01
9.116719735495207311e-02
3.632416220866192119e-02
2.389980724361048456e-02
2.350018681319784586e-01
9.972355902549326911e-01
3.479225248861956832e-01
2.650765140212687013e-02
5.501760104726364231e-01
2.556203939617281845e-02
9.557443061471029289e-01
9.850447551047514239e-01
4.173194050932060306e-01
9.977836759249671950e-01
7.818540029427030191e-01
1.456312221944260354e-01
9.813068861608251758e-01
8.680922367258502303e-01
6.510626496601874535e-01
8.737425490121462565e-03
3.059413671761362918e-02
2.066979626808518322e-01
8.471514696851711879e-01
5.620118784432038828e-01
2.661206646438862844e-02
1.968008261344533077e-02
6.629233485545647092e-03
4.661523734158682514e-03
1.559286210429295955e-03
3.510500040509067620e-03
9.610913859122188763e-01
4.436699226560818499e-01
1.652378678935231739e-03
8.971919296203376137e-04
4.226631626719831725e-01
7.762091999648233591e-03
2.782682234927195131e-01
3.290069840698842205e-03
2.980257691814710563e-01
1.020153189906468187e-02
2.997972674393932849e-02
2.806306545403907116e-01
2.733672985116836207e-01
1.178037585850059445e-02
1.719937082819875118e-02
8.130687060423478010e-03
8.465652165543162688e-01
3.559100143079817896e-02
3.293988904655870131e-01
9.327646980825252121e-02
5.444083423885880402e-01
8.347138527992451484e-01
8.362363430995551905e-01
7.385660777970538826e-02
3.330328519614446647e-01
3.279287058929504506e-02
9.760987412197033031e-01
7.611993459691878128e-01
9.752800295009559362e-01
1.365374417672002468e-02
7.630161041762973939e-01
9.946889130519837030e-01
4.882571999104617921e-01
7.155184783318747632e-01
1.854012176546052382e-01
3.007390005429103619e-01
9.964613359396204961e-01
9.938323320688842166e-01
3.737559843387087688e-01
9.255130374323951026e-01
9.973531399218132920e-01
4.934223481660844346e-01
9.172593709983624111e-01
4.710295332563026460e-01
9.484675874279233643e-01
1.610083413763186422e-01
3.934770632738670559e-01
7.612489723605674330e-01
9.709412523593932143e-01
8.425647401441120621e-02
5.261337638092298263e-01
8.758433080465612974e-01
9.356565743255528256e-01
9.610354286266244994e-01
9.966636274237909987e-01
8.216814181060029254e-01
1.685114846252928344e-01
9.322672924002743944e-01
6.746299367772494726e-01
2.878724755150516290e-01
3.263188826896700617e-02
7.063964083472076307e-03
2.837991051798198494e-02
4.262731232868540721e-01
9.823969157023894061e-01
2.932175068906818782e-01
9.681819809023894940e-01
2.303205378328047059e-01
9.934526856443297582e-01
7.626370577092342895e-01
8.029478794572192379e-01
4.410099595408865092e-01
1.992952957796660096e-01
2.221617795014380892e-01
9.916989893377026188e-01
8.705039542724829493e-02
9.748995071286780112e-01
8.400578261215900511e-02
1.599057701171605339e-01
2.434153994697061188e-02
9.527525862787378230e-01
4.095691404053026230e-01
9.588529131678570627e-02
3.447908607749099880e-02
6.789341548667796600e-01
6.174264441998327663e-02
1.245266041709838789e-02
3.790378428341348860e-01
3.669984940789133843e-02
7.867276943043097909e-03
8.973612262672506527e-04
7.316016275379729761e-01
5.896231234971371915e-01
7.680684817774777740e-01
5.212624536735606107e-01
4.656225117590579443e-01
2.495583091677912035e-01
4.238355126188402267e-01
3.447820717741748586e-01
2.019240340678321241e-02
1.417283700862768427e-02
1.388788555923017864e-01
1.474830804368002513e-01
1.701348243525367121e-01
6.725991326073501274e-03
1.392283438795186186e-02
7.414421654876129919e-02
5.383131403320715741e-02
1.794035311148326761e-01
2.634068583413349054e-02
1.007899427081195096e-03
3.377931879284064298e-02
3.176960377056902707e-01
1.052898448761438038e-01
4.135974795387399594e-02
7.804943756586307790e-01
2.438402788162346846e-01
2.553944585277815871e-01
6.315753465578908231e-03
9.520904240042162318e-04
1.994232112278923885e-01
9.393695187848236650e-01
4.866009298143171569e-02
1.932794149061331165e-02
7.537994497656684556e-02
2.829118678103858912e-03
1.798501841353404573e-01
2.746799110825420311e-03
1.012895195088387920e-02
1.526935210015195870e-03
7.247520722815514738e-02
5.248295166544004742e-01
7.014712338135677648e-03
2.079749769116424202e-02
6.242920229688161265e-02
1.365760034571327289e-02
1.478738210467674119e-01
2.681504765036095417e-02
4.694448242589184250e-01
2.813122924870817276e-02
8.476808819121159355e-02
1.161164153365939339e-01
3.737838628631992566e-01
8.290346638542001045e-04
2.006683135544736762e-01
1.245566765147373012e-03
3.886827758557554469e-01
3.554989189595497874e-03
8.603866949712766221e-01
5.717783537604073096e-01
9.899564489078421792e-01
2.662782409801542904e-01
8.875381821270816873e-01
5.263933056188386805e-01
9.921196876135949250e-01
3.955231548732793256e-01
2.566554144219728717e-01
9.976929695849208191e-01
9.675555662206901664e-01
1.074489528085477014e-01
9.813442710490147824e-01
1.289818420756528861e-01
9.733108071938431083e-01
4.777141600069199912e-02
3.077529076286613860e-02
2.192055569347771682e-01
9.638459687120989328e-01
9.844081522088961034e-01
7.126702834052675017e-01
1.663953319031626354e-01
2.787929190999167625e-02
8.645595265831107490e-01
9.142055108709492561e-01
4.147796788130996837e-01
9.771028727045713014e-01
6.867599437191727052e-01
3.337192007535284832e-02
9.632326593657358771e-01
2.610388305293456085e-02
7.473339267402453467e-01
1.001296345031635893e-01
8.804872031545460387e-02
6.755342323937265636e-01
9.252600307889693454e-01
1.522545473956903594e-01
9.051097515318748399e-02
8.534681708621873761e-04
5.485627930723981777e-02
2.780796432002432053e-02
8.077353358565922403e-03
7.535892231735248359e-01
8.797419801459160915e-01
2.174225497897091727e-02
5.085971073469032211e-01
6.380663536002703640e-02
3.648997058979903674e-01
7.749691875060911450e-02
1.579235664526485935e-02
9.956219166014318445e-01
3.230543146637199214e-01
9.131947589859685036e-03
4.863551769334942820e-01
9.700983472649804540e-01
9.259078115996187686e-01
2.833917529195750448e-02
4.393061111664229856e-01
2.610405822864427308e-02
1.211646572160739697e-02
7.886311499762126143e-02
