# the parameter of b hidden in the hidden layer
-4.731185211328143847e-01
-4.634883390589186053e-02
4.526786616114691908e-01
1.382448663832977617e-03
-1.364846780250912328e+00
-1.540980356641159288e+00
7.685836424787526600e-01
9.926590977307727659e-01
-1.419412184799337284e+00
-4.146136732749425291e-01
1.830574774188737860e-02
-1.227093281186740992e+00
5.766988188135597770e-01
3.671801442345629107e-01
-2.374436494078914439e+00
-2.259881152168732754e+00
-8.219450646743595712e-01
1.374925421090585242e+00
7.119778802632859005e-01
7.850109504065021504e-01
-1.616900427532270257e+00
-7.360596849917751261e-02
5.595428575659459058e-01
6.027538019845465334e-01
2.365475729112998526e-01
-4.329130028264153301e-02
8.692800184076397707e-02
3.069367468490078465e-01
5.659376265000769513e-01
-1.399616902392437190e+00
-1.806043793563528732e+00
1.327396226100598930e+00
-1.617432064765962130e+00
-4.890583961352025777e-01
5.733327169538108281e-01
-1.150351773706827618e+00
-9.485283861220875079e-02
-1.815029569832548109e-02
-1.291551305947008732e+00
-2.096295046019175101e-01
2.826620794909736611e-01
-1.804973089370389028e+00
-4.390217166867466658e-01
-5.446798817912452267e-02
1.520181470427618864e+00
-7.703290517750006616e-01
-2.134947447518020347e+00
-2.909129212487912008e-01
7.852426341464229242e-01
-1.375102948737575749e-02
