# the parameter of w in the hidden layer
-7.776745520421564362e-02	-3.870402482899578667e-01	7.969726784140698239e-01	-1.983976377994080220e+00	-6.397201606358414727e-01	7.296712432569232298e-01	-6.735928279149517861e-01	2.295544729867821793e-02	3.171039825458273897e-01	1.606005825940734766e-01
5.709858678726893455e-01	1.552631620893448972e+00	-3.547943323360702172e-01	9.802183371946781021e-01	3.823457184764600947e-01	-2.114792451256490402e+00	-4.901923889985368987e-01	8.379075930993476473e-02	-1.379612564994671109e+00	-6.279885654425934050e-01
1.735982671069510319e+00	-7.836259710224354746e-01	-1.333003358044901443e+00	5.496615105434757842e-01	-4.374848778803051841e-02	-1.309612614357866356e+00	-5.592618889547973371e-01	1.210966796505103860e+00	-1.738280581430067695e+00	1.630824675416564729e+00
9.985720188777015283e-01	2.750230699792298728e-01	-7.840035587108797888e-01	-4.701338116135010958e-01	1.249520817970853015e+00	9.699308506388388817e-01	-2.620284451328519504e-01	-9.760429419566064579e-01	5.106102239566414625e-01	1.537549068774887173e-01
-6.686889885547319112e-01	1.698519664375322202e+00	-1.119371013568487117e+00	7.301771328226691615e-01	6.108062367876093690e-01	-5.045704821508829596e-01	4.422237257050818937e-01	1.758744109330659111e-01	-1.532104416834671190e-01	-1.928611636900857906e+00
5.938681452152061446e-01	1.276773015531490918e+00	2.094856647057425358e-01	-4.431602771660299034e-01	-3.442644876572741874e-01	1.151562211149090853e+00	2.113363712387823085e-02	5.278448578705939864e-01	8.661195142144421100e-01	-2.477596981980865337e-02
3.485747192169845188e-01	7.115913761664448556e-01	-7.105002541765954860e-02	1.609378761398242652e+00	7.307509501184603629e-01	9.941824192397693549e-01	-9.125280487390685646e-01	-1.308111487145668050e+00	-1.616946527630146679e+00	-4.294032842475140055e-01
2.844121693838313480e-01	5.815587407766578121e-01	8.551914707638599289e-01	1.518403879874859197e-01	-1.222358644338152667e+00	5.191459889222546087e-01	-1.165870748925890377e+00	-2.769546244335166829e+00	1.099058499047700144e+00	1.021921584220509827e+00
2.783492005268723424e-01	1.249501816197650106e+00	-2.798281275758208730e-01	-2.288007150050898275e+00	4.695320282419884750e-02	7.352398825521251347e-01	-7.713502654217405663e-01	4.960159188856927970e-01	7.030166261824403184e-01	-2.505829928782777466e-02
1.629638236654705530e+00	4.485585283355970065e-01	2.353744714993491804e+00	-1.331076903528593869e+00	-1.339817485375083050e+00	-5.503838345249769670e-01	9.510674048739671538e-02	-1.119851959505231975e-01	-9.456506739061107947e-01	5.327314474385678317e-02
-1.470663678509522176e+00	-1.784112595340296092e+00	3.375284448919184110e-01	9.611220959936082053e-01	-3.353970470951672112e-01	3.218614566942443189e-01	9.688262935741887016e-01	-3.754468391852346376e-01	1.233332131899880224e+00	-8.240970785450792147e-02
6.152155448641650759e-01	1.286554165384043991e+00	-1.278823640068852852e+00	-2.126429076493070724e-02	-7.018057608476942211e-02	6.311178950377650532e-01	-5.735078609758935686e-01	-7.334090339280840976e-01	1.451305773121592591e+00	-3.131705791775624692e-01
-1.304789913673675583e+00	1.394213647495336772e-01	-3.659163090531203921e-01	-1.159224352464026220e+00	1.020064618219532315e+00	-9.560103684185397022e-01	1.321773942209847341e+00	-1.704027858991074007e+00	-2.240768914809774526e-01	-1.642997478284356772e-01
-1.357955365582783402e+00	-1.009881907407763402e+00	4.788491131553187508e-01	1.507293926936297490e+00	6.549156210625133312e-01	7.511978951356095280e-01	-1.525318370193248008e+00	6.054973762233226697e-01	-6.878012667256041546e-01	1.185269069938711839e+00
-6.883520477818290129e-01	9.556290892486891675e-01	2.549042249711997443e-01	2.155046287419287374e-02	-4.663011049677263098e-01	-4.393013779002896690e-01	-4.955622365018798603e-01	1.841950204163200766e+00	1.918471089992763723e-01	-1.996628749939407532e-01
-2.772069055022747808e-01	1.453066310457916677e+00	2.664236501409292246e-01	2.060730038837684519e-01	-8.749385481457658820e-01	-4.919968717131553149e-01	2.914516436545133149e-01	2.051687274322340215e+00	3.172135587448526861e-01	-3.625995900436962960e-01
-1.011171723778007958e-01	-5.198850210523712212e-01	-3.564336901184370077e-01	3.071207377164452135e-01	6.834851229480424228e-01	6.794779020573421535e-01	1.164720671827041532e+00	7.475705905463648770e-01	1.844556429919955443e-01	-1.565687640752667420e+00
1.929890082001942231e+00	-1.165272784956544738e+00	-9.073404884310147800e-01	1.871429870774983462e+00	1.102004594533444182e-01	-3.629204538884022724e-01	-7.314957887576865048e-01	-7.954696315926297334e-01	-7.380425052983164980e-01	1.671383742567240871e+00
-2.494679572128633560e-01	-1.119489941334011585e+00	1.715426774039795932e+00	-1.666127558112151796e-01	-1.521847206407425657e-01	-7.230448840043087744e-01	5.748081317257774936e-01	-1.067109963174593945e+00	5.840549177532229352e-01	1.715560830610618204e-01
5.044246579732506452e-01	-1.406743229196180556e+00	-2.090628784236056692e+00	3.499980733591191995e-01	2.698656202831676509e+00	1.370994855639061892e-02	-1.796798839352922394e+00	-1.317735647565491108e-01	4.828743505721712070e-01	4.685593033842692656e-01
-6.242906333093660720e-01	-1.056931973567951433e+00	-2.912257498328603145e-01	-1.168662657672759897e+00	4.448812636309383284e-01	4.688819996796504408e-01	-1.023376716995173796e-01	1.711158950095613251e+00	2.036114715966173438e+00	2.484875277178930919e-01
-5.264537440730031603e-01	-1.368463991722426831e+00	-5.661501939337174605e-01	7.601630427477406027e-01	1.513957401153458171e-01	9.551136637891320669e-02	2.567309585966527585e+00	-3.581782053565909507e-01	-1.731665256855949853e+00	-1.287032894102471792e+00
-1.039774087445428208e+00	8.989179596048241239e-01	2.935430792792674826e+00	-1.487817177375273969e+00	-2.342580073482914416e-01	-7.215763135299485542e-01	-1.082839219563375144e+00	-1.460774538618179408e+00	-3.329370308607244588e-01	-8.477030595210989228e-01
-1.992677078614915609e-01	-9.582680647491574888e-01	-6.165105253847870115e-01	3.455038884587730008e-01	2.972388124645216623e-01	-2.311068498052304687e-01	-1.231767097311279868e-01	-1.903072425510978327e+00	5.881524515600538017e-01	-1.235675522653867153e+00
-5.421665665800133871e-01	3.068795360108895753e-01	-2.397073918026936035e+00	-6.272689506849710162e-02	-2.131030411805418190e+00	-1.031430361633375759e+00	8.903629066692780869e-01	-3.355314470746660338e-01	9.381220777975014802e-02	4.107364128540640813e+00
-1.632861615003162070e+00	-1.279008207642408967e+00	1.117103883318808499e+00	1.475728409675239661e+00	-1.202447190915010955e+00	-5.989232020481076724e-01	-3.427081649637985783e-01	1.140055731972976716e+00	-2.168823708012874441e-01	1.789567683619016497e-02
5.419018518243293725e-01	-6.195873415484434155e-01	1.631443666705090445e+00	6.224491915151678656e-01	-3.796131345145820069e-01	5.248327475305469142e-02	-1.461598824032315669e+00	-3.667461995356766646e-01	-4.812450747488004887e-02	-1.748089098993066637e+00
2.644498731168694050e-01	-1.477621032929423928e+00	7.313817618860085634e-01	-6.331630759265807207e-01	-6.757035333857798198e-01	1.221381418444875688e+00	7.169615590638453995e-01	-8.846481636768579460e-01	-2.904042587515774931e-01	-3.665084062215052119e-01
1.318916826897981842e+00	-1.825744859286133892e-01	1.022037788703443084e+00	-6.211251305615403950e-01	1.458882600740661339e-01	1.572529225453572099e+00	-1.697068888254103181e+00	-5.878809427377563734e-01	-5.419841498624544673e-01	2.554550208973723757e-01
1.837402027131249227e+00	3.482705196577213780e-01	5.309944824101453520e-01	2.810182581596064599e-01	-1.074332323162470626e+00	-3.295015986628281879e-01	5.685163269330605340e-01	1.029043644480176489e+00	-2.457865537144793555e-01	-2.877372320867369604e-01
2.833868325909980612e-01	5.948098048304946150e-01	-1.184669570951464523e+00	-1.672347376177360789e-01	-9.038717112178847046e-02	3.615652347969638969e-01	1.432984376980845909e+00	4.758309804508273899e-01	1.268428672006054470e+00	-1.257694500326861586e+00
-8.641968287333701149e-01	3.691525355486816040e-01	1.260142555746216919e+00	2.249259658111932639e-02	7.865195055501902344e-01	6.228113285419089040e-01	3.962103557627948969e-01	-1.661646394138510452e+00	-2.141946314283936115e+00	1.554586507556553698e+00
7.194191793395334766e-01	-1.969009531441473781e-01	-3.410981394965145186e-01	-8.192751037933261316e-01	-1.266596442663000088e+00	6.222609188017319548e-01	-2.119682852372821447e-01	6.032056134187874230e-01	1.642619485130866419e+00	-5.921880746284235997e-01
-1.161400832164188657e+00	5.241167743538190926e-01	-5.245090134329895015e-01	-9.045377561892562479e-01	7.479385991958621416e-01	1.306638963319018409e-01	-7.489313344275291273e-01	5.565868116812790201e-02	3.470483973172816539e-01	-5.202367043775199540e-02
1.871558734630739129e-01	-1.232953365446783023e+00	8.195339990117672668e-01	1.821771651167580330e+00	-7.678308204519481706e-01	-1.493182208370401387e+00	1.270207840956716572e+00	4.803785376737813861e-02	-5.239856505172769685e-01	1.352238669432978546e-01
5.982199952966993362e-01	-5.048218535771145654e-02	1.036810076712073370e+00	-8.312533844414176087e-01	1.913788829394434288e+00	6.239582117027915320e-01	8.822556317920954294e-02	1.427648275041422776e+00	-1.024969460935999610e+00	-2.203783708792718787e+00
-1.897087607678225041e+00	1.244109178425934603e+00	-1.760593483201156884e-01	1.263720256686762244e-01	1.863993469544606763e+00	-1.301550042712212196e+00	-8.395265636267253972e-01	-5.806362500742485722e-01	1.365637304554661258e+00	1.786562442649365645e-01
9.228780568037394660e-01	-9.928631902379331242e-01	6.872555351901477039e-01	-4.438078619844622597e-01	3.460023144018957164e-01	-8.053672998315511977e-01	1.140797946753886238e+00	-2.111198599204688608e-01	-2.093313462731044350e+00	4.730721884013186496e-01
-1.781901165414884636e+00	-2.973322776870122586e-01	3.841290438730892709e-01	-6.551097907838611123e-01	-1.836184792479536032e+00	8.936062534372650468e-02	7.934817133702091185e-01	3.955594820403635081e-01	1.245149107355281615e+00	8.435128965532899814e-01
1.879508430632021998e-01	4.571994886159817528e-01	7.711147985221205037e-01	1.785785028725820345e-01	6.776803852534040162e-01	6.327136416549923315e-01	5.366196917489199913e-01	2.191753670310320479e-01	3.484807791443507718e-01	1.094037403650825580e+00
-1.837188227439142119e-01	-1.790231198268586732e-01	-1.140894755793250948e+00	-1.798591957952007325e+00	4.534291239495485959e-01	2.865638723735595694e-01	1.577624127634609907e+00	-1.179984421450292142e+00	-4.162201579078174118e-01	5.931445185289750954e-01
-5.153277656086872188e-02	-5.269951087786504118e-01	-8.131103141256791345e-01	4.627928594810667290e-02	-2.463708880707990712e-01	-5.370963342852773659e-01	1.563122790951590124e+00	1.902116493794620222e+00	1.666983066662905966e-01	-1.367447005293274120e+00
1.160084332691551312e+00	-8.365830306979924469e-01	8.040471749919994027e-01	5.527528672613463145e-01	2.944687740890208905e-01	-1.599029919735582839e+00	-1.295944153616556349e+00	3.122359719108158682e-01	1.505422175364081294e+00	-1.579274136743419543e+00
3.409113218424532632e-01	-1.819369458629326974e+00	4.209407418046638427e-01	-6.939917452908110906e-01	8.493362028917562645e-01	-5.492561976300898152e-01	-6.398527355001326633e-01	1.240177124885373017e+00	1.336047504706041611e+00	9.468003239194622278e-01
5.688800334832379013e-01	-5.156470583344502367e-01	1.811114217653840008e-01	-1.402746882795198546e+00	1.609870816961733064e+00	-2.391824096293594160e+00	1.908303925017283131e-01	-1.694655083778700444e+00	8.451300828207061189e-01	2.832507275794334811e-01
-7.751912637407787354e-01	7.656605418813619002e-01	-1.146227481898134393e+00	6.262664505622311806e-01	-1.275373739220968305e+00	-5.633339920141475776e-01	-1.433762237067956469e-01	6.768607234302119746e-01	7.319316035894065653e-01	3.226432230181910832e+00
-4.870644366589207963e-01	3.040442688918847391e-01	-1.298530115533743201e+00	2.175577803481570649e-01	1.329538021875868448e-01	1.279929861265814983e+00	2.291310430144441745e-01	1.768045264539508388e+00	-1.027134942084338531e+00	-7.148504200070381343e-01
4.691271978783871921e-01	1.295796295162709111e+00	-7.803329638101853538e-01	4.399823935921940987e-01	-1.071686152642328249e+00	2.590706129976156902e-01	1.125541089732235100e+00	-1.661761525764656966e+00	-1.340733241864939362e+00	6.206316311008844844e-01
-9.035874573703396306e-01	-2.858394774734496213e-01	-3.998499189041871960e-01	1.715249408296872780e+00	6.973593812244431589e-02	1.970448029945190305e+00	-1.685951088644773721e+00	-8.184552939872511423e-01	-6.134641086037225799e-01	1.457334010480235476e+00
-5.663069678830109366e-01	7.742431517903300975e-01	1.317895954548538473e+00	9.304372860108069965e-01	-4.543845796682479538e-02	5.322652655514423792e-01	1.025363794402735090e-01	2.641268880630119886e-01	-2.927530156409162032e+00	-5.776608907114283431e-01
