# the parameter of b hidden in the first hidden layer
1.007736798194834416e+00
2.984912754471229501e+00
1.520694099751340289e+00
-6.646180892654031391e-02
5.363350149559649616e+00
3.078608964080579824e+00
6.247610889359992647e+00
-1.557704572936786588e-02
1.107015704091687924e+00
3.566916490947497742e+00
3.490489214854367361e+00
5.106027380269800631e+00
2.813103385089410935e+00
2.108829156777431546e+00
2.800202200102499095e+00
1.473443038869671984e+00
7.959441553335032671e-01
3.458306608017181816e+00
2.517462048987733070e-01
-1.854664114476297851e-02
1.598079433857741982e+00
1.925552051509976936e-01
-1.478217724431701158e-02
2.930197183896114055e+00
4.148050625426243698e+00
-6.118504253314329538e-02
1.165585140406399933e+00
6.158214794938562386e-01
1.327319564368480975e+00
-2.105855054699581549e-02
-4.620696475607724563e-01
-8.864919943024545113e-01
4.430201835457551196e-01
3.802450764858934740e+00
1.156819000575153078e+00
5.390383928995229113e+00
2.015399639648483010e+00
1.190333643617683901e+00
1.258693627528439718e+00
2.346313211727947046e+00
5.784692074642804549e+00
1.767218030835638443e+00
2.639004107672549448e+00
6.883911644742002345e+00
1.116296067365749378e+00
1.679901325930695632e+00
2.427215457584165570e+00
4.680997058860045357e+00
1.916078474929810316e+00
2.852340655588930129e+00
2.636128952035788231e+00
-3.339745615817997781e-01
1.094325717566001277e+00
3.892076875629148169e+00
1.159549409812520082e+00
-9.974105259631237397e-01
2.148531772990803113e+00
4.157457645182996764e+00
-1.259988493137003708e-02
4.029103436333447696e+00
4.915465675661810252e+00
3.723732774659572531e+00
2.274187466053855466e+00
5.993085634219281310e+00
1.438106907292571401e+00
3.521454899944778116e-01
5.740813359053643650e-01
2.009565229043656753e+00
9.452955539447608357e-01
4.508590258723482513e+00
2.469344962672114452e+00
1.876318316445657330e-01
8.633657533578300569e-01
1.948324115547340307e+00
4.471744462332858383e+00
3.396631668711508900e-01
6.112567064502520964e+00
5.618930862066670251e+00
-2.186419163895726714e-01
1.746635159678638916e+00
1.513816015658819847e+00
2.014329286308802480e+00
4.134669370632512830e+00
4.716110232037519445e+00
3.374806532624309963e+00
1.655284841067345747e+00
1.475742513913519849e+00
3.302044735656455732e+00
1.468531919302865640e+00
-5.013574463783599944e-01
1.192729441748751951e+00
2.707451031198274904e+00
6.004980962147897117e+00
1.527634333461509231e+00
2.373910590755112349e+00
4.993902920152236469e+00
5.493701969046514977e-01
1.027214717003701150e+00
3.750565422914001079e+00
3.097503877778669423e+00
5.539610886433792736e+00
6.179658168951728037e+00
3.456251897190297573e+00
2.150488519347576677e+00
-8.021913945693548084e-03
7.050195408213013604e-01
-1.337614495731945762e-02
4.000762897596537471e+00
2.122928986637737214e+00
1.128920675809110818e+00
5.029918045753074551e+00
7.171225504438846765e-02
3.268625974110525023e-01
5.887410475411336996e+00
9.732885605069303558e-01
8.773671707032892897e-01
5.583387748067335510e-01
6.112294650151088860e+00
7.442058336922993789e+00
2.402032361988196030e+00
1.917827659129145879e+00
5.162224490994224424e-02
5.100691222175577799e+00
8.452949328895580094e-02
4.038366393246549890e+00
1.898999525737866012e+00
9.776553195231870719e-01
3.229848057664071792e+00
3.615925822249113075e+00
6.737346697516863880e-01
2.813936235422943799e+00
1.768045166857428629e+00
4.150245129862158322e+00
1.768367922650190271e+00
5.460452928837526976e-01
3.075909961279472249e+00
3.309127664134995594e+00
3.108107426137175278e+00
3.616770554172432206e+00
2.330086830045663859e+00
3.843583915512675531e-01
1.869512013979307552e+00
-1.709435788346131552e-02
1.881567155884471987e+00
2.622445941202279585e+00
7.988108393821913289e-01
3.224061977790758871e+00
2.025445806236978896e+00
3.102466806662960153e+00
2.035118633298076851e+00
1.094941990450215563e+00
1.880713289286032319e+00
5.776878304109379414e+00
5.962011753607808551e+00
4.497768636962869993e-01
5.835895289945391085e+00
1.069740995507994175e+00
4.944072581738009120e+00
2.725603740358462534e+00
3.222280412781136860e+00
1.310113019822119806e+00
2.007434165999000958e-02
3.318968506123711748e+00
4.169574709625917919e+00
3.974033558052858073e+00
4.999208610765319527e+00
4.276496855186128876e+00
1.474598700606070401e-01
3.629615159172085548e+00
2.134439242233428582e-02
1.025982958663313793e+00
1.962175865546150755e+00
2.071322383723209537e+00
4.264350422519799011e+00
2.912378757456920653e+00
2.221910651073160992e+00
1.784130345297104459e+00
3.889172660766928580e+00
3.129466396344012580e+00
5.573723568396513062e-02
-1.660756409908313233e-02
2.959073673127619486e+00
2.542649963895397658e+00
5.957064243875446863e+00
3.190384515026079004e+00
3.097110849633316065e-01
2.950332080669270773e+00
3.334092197853000705e+00
1.493887072066169885e+00
-5.925878703145413817e-02
4.505015537889215382e-01
1.665340118641072564e+00
2.746047053390931136e+00
2.274522294721775584e+00
1.829337357658865404e+00
1.218130635829445252e+00
-1.493086263009713553e-02
1.089070499053734098e+00
1.591977687929978236e-01
2.050273109209463041e+00
1.756206426717355606e+00
6.352920918559005869e+00
4.486204136265765641e+00
2.086838659977256594e+00
1.544382272229811448e-01
3.414494082102929262e+00
-2.610036603671400668e-01
4.679031220861424312e-01
4.624053034538357032e+00
1.317268331353722566e+00
3.383983544175929836e+00
-3.230107735236338318e-01
4.818897833422251531e-01
2.873406803741062721e+00
1.478262505172824648e+00
5.042620238209694072e+00
2.501895700991886073e+00
6.985593269107996939e-01
3.886352692752314208e+00
1.664869390435843366e+00
2.045195684070675757e+00
2.246812059308312737e+00
1.308538342705515944e+00
2.083278301696368739e+00
7.178413710578438467e-01
1.868279968208339525e+00
2.628759852837152966e+00
2.646384554296532965e+00
1.250943833632676583e+00
2.515023407243865528e+00
5.452231499163691097e+00
5.815806088805806517e+00
-6.651602632901740808e-01
8.945005537160635178e-01
2.792686921773125608e+00
3.555204634257154606e+00
1.907318599260813929e+00
3.287429034513936532e+00
-4.262284900669200405e-01
6.631456285632754799e+00
2.725203519745321046e+00
6.779827747031085261e-01
2.776793907961684571e+00
1.951608600307707109e-01
3.091465454705597526e+00
3.172588572911225202e-01
1.293688067967405209e+00
4.427301099387588756e+00
2.911988664194437693e+00
1.977485751688653703e+00
1.268297453769498206e+00
5.934346116978637120e+00
3.472482529022817399e+00
2.567164085351819391e+00
1.316982734891824158e+00
3.336666439001000573e+00
4.349961082492890263e+00
2.813192423121392505e+00
7.510834080330699436e-01
-5.550232688293001981e-01
1.177944417970023361e+00
1.039018179889690030e+00
2.705867764581305845e+00
3.589610995307888519e+00
1.303171321289671392e+00
7.350458600081166693e-01
4.559954361306097326e+00
6.545741032989514652e-02
5.572001002662715363e-01
7.051034872819589516e+00
3.209783951927398959e+00
4.020264342610659014e+00
1.483202876414192739e-01
2.329545572181348945e+00
2.690397649812349190e+00
-1.472752904012357769e-02
2.158377133847695806e+00
7.242280420167244159e-01
4.896794623117957990e+00
5.349352058268673993e+00
1.386520110579963383e+00
1.837096489908212282e+00
-2.006062276756570562e-02
3.381271159316803665e+00
3.793096375985824054e+00
2.344931201042067315e+00
6.099752543489230794e-01
1.723154511287766422e+00
5.955341471669757247e-01
7.327133796271070310e-01
2.335068619187015582e+00
1.431209196846340292e+00
-1.775299461436856061e-02
-1.106705685927419046e-02
-1.622645239082229351e-02
1.375852779463367481e+00
2.377795931700350973e+00
-5.100083406210533798e-01
2.861089409552863838e+00
1.885397505933934292e+00
5.488675668992986978e+00
-1.429567822674435162e-02
5.239871108622827123e+00
6.559545339289046817e-02
7.028052780260619636e-01
2.663757723215773421e+00
-6.935312466662615569e-03
-2.047657498288271150e+00
-1.257910705864234258e+00
5.092172159351840977e-01
2.378528906322574965e+00
4.436701138984589399e+00
3.041535994858701741e+00
1.766140470885963154e+00
-1.887991792055249141e+00
8.066594219741473060e-01
-1.240669931008838711e+00
-6.367738191082440435e-01
5.578775348206854723e+00
4.625369615360634512e+00
1.488411518788198995e+00
2.062290697651401883e-01
1.213041163711403803e+00
4.980041087571007274e+00
1.195775837179021250e+00
2.681244181740365828e+00
2.545352651036633773e+00
9.105305541038453132e-01
1.425256884859507522e+00
3.495303633610041150e+00
3.177993027516925029e+00
3.165120779368593595e+00
-1.902481588611957750e-02
2.761477913996381733e-02
1.211372735302382209e+00
1.590944824021707227e-01
4.222972518203395254e+00
1.363173946656460744e+00
3.989510950727828131e+00
7.314869514506331605e+00
1.916685855374020031e+00
3.524702816935927796e+00
3.145423330675355816e-02
3.429207663944989215e-01
2.643001439884391512e-01
4.974045206899035398e-01
4.587137004319152389e+00
3.344217238395013947e+00
1.488451443962253373e+00
-1.250732414197056400e-02
5.573456703589668493e+00
4.874778191780487546e+00
2.449866979208241702e+00
3.284234632266151532e+00
2.410029780655981835e+00
8.159485141452675894e-01
4.424490722135281828e+00
-1.905410792262990816e+00
-8.587652396651128048e-03
1.769819987183996135e+00
8.870634889466226802e-01
5.787195510438647439e+00
2.062818588478973592e+00
1.268860287537656673e+00
7.144292187005683026e+00
2.210724946206829244e+00
2.998309500347764889e+00
5.978902607967789606e+00
1.981819010902895251e+00
2.584080141821024412e+00
2.294166301062126934e+00
-1.739268991807156606e-02
2.572309087231567037e+00
2.597602656927236353e+00
5.771748411327971562e-01
6.508637951747399342e+00
2.173476246202512119e+00
3.665933423936585722e+00
5.984726615667950611e+00
1.680789488260523656e+00
7.410739904884218188e-01
1.189407145205954031e+00
2.074135457963091067e+00
6.081299461730577782e+00
9.095778731492764058e-01
1.902256578504502027e-01
3.881112253249525246e+00
1.522065749881866603e+00
3.043875862668775856e+00
2.717026772107382193e+00
3.343301435135686006e+00
1.011471630087313889e+00
2.980365522571005510e+00
1.578284866846193957e+00
1.509081608528042295e+00
-4.163202513934721738e-02
2.608996569036041713e+00
1.689580949075622840e+00
-5.361780638266976373e-01
2.388637710977616901e+00
2.921405964068350514e+00
1.628131727335415668e+00
2.936140526158881325e+00
1.659773291312871990e+00
3.111755068963714788e+00
1.368607686977215021e+00
1.127064394788230839e+00
6.879203754833292273e+00
1.396222724769415890e+00
6.365543583229489322e-01
2.523141148457395566e+00
2.385247619983453582e+00
7.561220960802712554e-01
2.394585714958169742e+00
9.846170333565319455e-01
4.778600751108426969e+00
2.408337960420270374e+00
-1.733760184266014692e-01
1.187511178576811322e+00
1.266865007811269095e+00
-1.679131944519360667e-02
1.805011907226328205e+00
2.168375621035756762e+00
1.670134208121295261e-01
3.575529172550196755e+00
7.659704312849102692e-02
-6.118705090497009724e-01
1.250628010973203474e-01
-1.464488817924518294e-02
-1.291500202510467536e-02
-1.390954266315512153e-02
2.121599463740418745e+00
-5.619472673609936415e-03
2.168123408454552870e+00
3.222546854141091099e+00
-4.858322300852063180e-01
2.827961907588994794e+00
2.392480878076211681e+00
5.546078655409203417e-01
9.397312306974080487e-01
8.500297025185782340e-01
5.948158986916725510e+00
3.855422713673703594e+00
2.086946936988965273e+00
-4.892730863403170656e-03
3.937407754214947264e+00
4.901706772003786572e-01
-1.473701683714833365e-02
2.682734564887861328e+00
2.737621809838117759e+00
-6.971567365718388254e-02
2.149329721521048508e+00
3.702970346497262089e+00
6.463259594530659236e-01
4.363830422448897295e+00
6.537693808862615974e+00
8.432127292511576444e-01
1.529504893301996571e+00
5.346381057088921418e-01
3.653657925937250361e+00
5.839007053484737142e+00
2.642879595592880992e+00
2.733793464633146097e+00
5.960361839699707787e+00
-1.567837929487218493e-02
1.290295126563556272e+00
5.910363289563859368e+00
4.748991836133978350e-02
2.167057455344858941e+00
4.431141094667609082e+00
-7.774151135975035029e-03
1.655304053505593842e+00
8.738137830010725970e-01
2.725727467027760476e+00
2.855648418809971556e+00
3.836851493771475941e+00
-2.014791264213139019e-02
3.344167163493846129e+00
2.383791126053333098e+00
2.786312154722516699e+00
2.458129158684934090e+00
1.240549690738218302e+00
4.352700445026735032e+00
4.206143460576693194e+00
1.434476137639556281e+00
2.544863022345908110e+00
-6.640149937575851036e-02
1.365537165918770057e+00
-1.327789403797441717e-02
3.379216981016971433e-01
2.400289365687041432e+00
-1.084519931364853057e-02
2.632608807957862229e+00
1.024178156871087930e+00
3.678822082061076415e+00
-1.471585904797723804e-02
3.873091616244377366e+00
4.444756566185901647e+00
6.083919985837671796e+00
1.594144930064168131e+00
