# the parameter of b visible in the second hidden layer
-2.562184080116385876e-01
-2.357987715035251286e-01
-4.117686915175768347e-01
-7.190259787599917463e-01
-6.813087622948080790e-01
-5.045426723677023384e-01
-7.998128652009730555e-01
-6.145192628955931102e-01
-2.516421981319861279e-01
-3.602984535898789420e-01
-5.332490641225480499e-02
-6.436206820661931616e-01
-5.045722051366519079e-01
-2.957280996169212584e-01
-1.154254924600948001e-01
-6.973922489765462807e-01
-1.003559844606626728e+00
-1.115014257053627889e+00
-7.445996054314141244e-01
-7.090174125965358343e-01
-8.056227272558195152e-01
-2.856761978493083109e-01
-7.200715997754228992e-01
5.195150145717199186e-02
-2.200131307112249690e-01
-3.065018859983016375e-01
1.531801275868159562e-01
3.699836520079073932e-01
-1.114382528219272750e+00
-7.273549818925597599e-01
-1.886530002278192231e-01
-4.821486297474882332e-01
2.841059286262509823e-02
-4.738210459068669667e-01
-5.252940186377660359e-01
-1.233644159879284885e+00
-2.959489977426675300e-01
-9.136773765024623906e-01
-6.169432707035311242e-02
1.570919676676275634e-01
-4.433620944288124699e-01
-5.142089999292719371e-01
-2.074033328628308859e-01
-4.415972932784841820e-01
1.902658739102962293e-01
-3.857867055636368114e-01
-4.190294629110014046e-01
-8.721212126633249850e-01
-2.995822625941614581e-02
-5.401423252639814265e-01
-9.745168466988624045e-01
-2.761008782610313572e-01
-5.509211984351977121e-01
1.533325198365855790e-01
1.252141927226806638e-02
-1.167404855727129931e+00
1.743255684819554341e-01
-2.166566556365057961e-01
-7.360191320118464331e-01
-3.233398722182508900e-01
-1.026741652507623392e+00
-8.036139332225319606e-03
-1.188155250351049297e+00
-8.954337278949545675e-01
2.017377762318098566e-01
-4.002140128540976338e-01
-2.110669878540221978e-01
-1.063800091486988286e+00
-1.996663407261799750e-01
-1.084072856312647604e+00
-5.793682136896824986e-01
-1.813394923128591740e-01
3.283331661513432809e-01
-1.081915507399059617e+00
-6.054088764916671916e-01
-3.048404366999926673e-02
-1.054652417506759088e+00
7.971020887659946430e-02
3.729311661854541882e-01
-2.591344189144045851e-01
-6.066465494511681378e-01
-6.090876098307533848e-01
-7.001938022293400232e-01
-9.373095192912094253e-01
-9.385438744288894242e-01
-4.292904164559344093e-01
-1.342684812005480177e-01
-3.065614723143083586e-01
-2.888042901562877796e-01
-2.720348110471498271e-01
-3.852703671429333898e-01
-1.003448340588223853e-01
-5.245823655575878597e-01
4.217104482747091598e-02
-8.846754229223917354e-02
6.183973810334082027e-02
-7.008049662332077601e-01
-5.232339861629184963e-01
-9.020634032071560560e-01
-7.712807111076484812e-02
-8.270828385569006791e-01
-1.092495320582036022e+00
-4.824334721795184855e-01
1.017317388268986628e-01
-7.222702132935715502e-01
-9.914728196600376686e-02
-6.524390045369861113e-01
-1.581478716630794479e-01
-4.824434496133179207e-01
-2.090400034511352145e-01
-3.963383522362470268e-01
-3.712173813247959808e-01
-1.786229888799646393e-01
-1.074151808945631448e+00
-6.462616293499070519e-01
-3.365659545099252137e-01
-2.499664034680245395e-01
-1.196466966765617368e+00
-1.169592055440048961e+00
-5.510483494918982927e-01
1.620806024447491445e-01
-2.709510433672465135e-01
-1.104581471139564064e+00
-4.800574005224854113e-01
-1.624225666184817840e-01
-2.140426587876757825e-01
-3.797028056303173860e-01
5.877226147147289748e-01
3.136019475939617607e-01
-1.874340739722660520e-01
-1.726782222933938293e-01
4.473690559113807086e-01
-7.197333518657020313e-02
5.520599362111480030e-02
2.162761253154452390e-01
-2.944874002976808902e-01
-2.380553417772365843e-01
-9.554105456994313461e-02
-9.278387230448228440e-01
3.425602985144003687e-02
5.580321295654612490e-02
-5.922506379230630946e-01
-7.741087682358450683e-01
-1.556623430765171900e-01
-7.160967612942084060e-01
-5.385412598385357352e-01
-9.129248493592443392e-01
-1.684135062398054994e-01
-2.832588304106777310e-01
-2.704169466548382861e-01
-4.555012662404264723e-01
4.946777923515180420e-02
-7.451683654435308224e-01
-1.140741472045707861e+00
3.867987245065004354e-01
-9.697439862876889860e-01
2.315046263661434955e-01
5.144224601075721159e-02
-7.637463369727482965e-01
2.792896466021538293e-01
-2.599720331297007969e-01
-4.883454762335453503e-01
2.202389031184561474e-01
-7.508214138330622234e-01
-2.093233282517930616e-01
-1.346378446225940557e-02
6.088055628538568964e-02
-4.882617998052623393e-02
-4.110920467401908418e-01
-4.171465801217237312e-01
7.906245345672209546e-02
-6.517707766286873206e-01
4.525130583023155573e-02
-1.240807342819962855e+00
-6.502871934454645952e-01
-1.229799467098496857e+00
-2.169772677770287761e-01
-3.791173477792376123e-01
-6.768873821464947982e-01
-5.537844986556313964e-01
-7.307090724312363950e-01
-5.310039899506989736e-01
-1.240177544947235200e-01
-9.440551797780755150e-01
-3.333514974667025066e-01
-1.514909036425522437e-01
-5.922023736449159026e-01
-1.686271000743390092e-01
-1.047019129495374345e+00
-7.613766222526493488e-01
2.130596433157167235e-01
3.879501174975066302e-01
2.198002729437923408e-01
-3.898263425222801559e-01
1.749707724361490926e-02
1.514919857046210239e-01
-6.463069260960592199e-01
-3.526070957125075900e-01
1.010591018475561625e-01
-8.343917121039025331e-02
-7.286775213039738963e-01
2.409010576377140778e-02
-7.234723635592964497e-01
-3.472665584004886452e-01
-2.783703160280171507e-01
-1.452847523276752650e-01
-1.781425587293302693e-01
-6.661807658323078973e-01
-2.289389433303246069e-01
-5.834107352765499632e-01
-9.214289859170254893e-02
-1.961732745028149372e-01
-1.600724946792741743e-01
-1.745431142002012298e-02
-1.120897930162012696e-01
-3.590479766206616796e-01
2.977720200248356458e-02
8.935840708007397604e-02
5.955665351060889651e-02
-1.331938325015224467e-01
-6.861214861879080251e-01
-5.629254926273563608e-01
-2.943719641077767735e-01
-7.307798411805469518e-01
-5.303049006504610974e-01
-7.371396228204855072e-01
-3.248931614380610733e-01
-8.012209730596562274e-01
2.520182604653292344e-02
-4.827739750513153627e-01
-8.211869023652741406e-01
-9.592734706400907196e-01
-7.827947621181904347e-01
1.220847605614329145e-01
-3.108202534332045741e-01
7.223325287376386461e-01
-2.002890804884508991e-01
-1.398912953757490141e-01
-2.830064448216983441e-01
-7.875404949143838262e-01
-3.477598137908138876e-01
-2.065430261036224902e-01
2.968112898623927534e-02
-2.063014439118031063e-01
-2.430264690589897247e-01
-6.322750029470534938e-02
-5.701371718029507596e-01
-6.914022701402713356e-01
-6.127135349046057833e-01
-6.543594513952671887e-02
-1.058756304118312619e-01
-1.270833311189121240e+00
-2.435654979724250768e-01
-5.942211635696628136e-01
2.287867111821671462e-01
-7.500255428957950388e-01
-1.011073526227242031e-01
-1.938745938914254452e-01
1.292844182024334987e-01
-3.931280707946708253e-01
-4.435420376067236159e-01
-2.260186255609764605e-01
-5.808339879155858254e-01
-5.402127315229504623e-01
-5.265938556263799475e-01
-1.885089711965956816e-01
-1.171046004975074606e+00
-2.684516458228262681e-01
-8.173319714676685957e-03
-1.015798215731128940e+00
-8.113095507834731934e-02
-5.409062382817281245e-01
-2.262043320950366254e-01
-7.464648200000531530e-02
-6.841997405516121455e-01
-6.268339180104759434e-01
-2.323749315656980785e-01
-5.532562997693985657e-02
-1.113001349356119052e+00
-9.247376179938610052e-01
-8.006251391401636441e-02
-5.348043114008791399e-01
-7.025870176727031513e-01
-1.218128487998056286e+00
-6.773947034546881074e-01
-6.951086912035295828e-01
-3.680578301508526939e-01
-3.246693348242127297e-01
-4.945183662608684250e-01
-6.697345053615763044e-01
-8.151184798771866635e-01
-9.145515166579195609e-01
-9.185724764505702744e-01
-7.740562197514844200e-01
-6.836899361810608866e-01
-3.096966186578456459e-01
-6.959016746961028677e-01
-3.857763456506816402e-01
-6.176076735941617851e-02
-2.202391137945141630e-01
-1.182170354184275851e+00
-7.614139571741166401e-01
-1.237336481490461271e+00
-3.721039788384707392e-01
3.615448703399382763e-02
-9.351566370727431021e-01
-6.510932802914989326e-01
-6.025885934872724503e-01
-1.398273045445095897e-01
-1.365824915115110005e-01
-6.068624823336919993e-01
-6.332279118037906218e-02
1.142561098881405696e-01
-5.818061331322799123e-01
-5.465242507406067318e-01
-3.994603968306887909e-01
-5.964915016343519394e-01
-4.032909002984721436e-01
-3.868615777018239998e-01
2.457986617886078473e-01
-4.252452551671396380e-02
-3.330828291146361031e-01
-5.440431073926597222e-02
-4.101671582122182191e-02
4.236070781862628087e-01
-3.747344025000900469e-01
-4.623647236342725564e-01
6.655790913186870883e-02
2.480442731832708386e-03
-5.843508621760479249e-01
2.053475727744772106e-01
2.818406453694913272e-02
-6.386392143633802254e-01
-1.237631684843722851e-01
-4.034074816997669788e-01
-3.397097680353690641e-01
-3.426731614324950853e-02
-2.069949683885028424e-01
-4.821251440919741560e-01
-1.176336982222083272e+00
-9.871629135414764500e-01
-9.104791120225366186e-01
1.597901076995746350e-01
1.434092114340350388e-02
-6.007729193037617543e-01
-4.847779762465517783e-01
-7.708153714968507542e-01
-1.052191329229886785e-01
-7.875040938470907748e-02
-7.579147067616442968e-01
-5.909875161437107005e-01
-1.031797010819494709e+00
-6.988309406072150676e-01
-2.980268237550171007e-01
-3.367786348306348598e-01
-2.554706492917158817e-02
2.173408252414537334e-01
-6.102060781535765394e-02
-6.779587927543496706e-01
-4.054982971812217674e-01
2.266911871614401552e-01
-9.109874925023982994e-01
-3.182801995077975676e-01
-6.643549031281641426e-01
1.913002730954907471e-01
-5.397096660469148377e-01
6.286211930680335458e-01
-1.146753563362336470e+00
5.753843125341286807e-02
-8.427832275294980802e-01
-3.012412472318970469e-01
-7.307223168080512199e-01
-4.426700824122030697e-01
-1.603398168621355258e-01
-4.263177845796897736e-01
-9.789755356473642811e-01
-6.941315113662509528e-01
-2.003015152741051408e-01
-1.268583360125133064e+00
-1.471642661398606666e-01
-4.468344843487138673e-01
-4.586405370073524113e-01
1.517336995740986051e-02
-7.852330612968860812e-01
-1.158700766674228833e-01
-1.103008193768180378e+00
3.276473301123538073e-01
4.249418251486886816e-02
7.217300167794174492e-02
-1.761278933967651006e-01
-1.002370021530776478e+00
-3.605091823714431931e-01
-6.265565006326458963e-01
-2.458384524779137492e-01
4.504293095895312710e-02
2.820595654918167661e-01
2.520412759041955678e-02
-4.233483219403428310e-01
2.463204325819141199e-02
-6.951024630976378182e-02
-4.261941664778319816e-01
-3.707809900667649039e-01
6.682824553635259568e-02
-1.376164870889574898e-01
-1.862452970245171702e-01
-6.818346726417385817e-01
-4.031615621853287257e-01
-3.158618924626970248e-01
1.584652560473570268e-02
2.692243948297182166e-01
-2.949065436179004740e-01
3.833694783669312489e-01
-1.097119877260635673e-01
-6.965979867775472512e-01
3.628389655685308052e-02
1.666344132994155014e-01
-8.013242308733250496e-01
-3.804266137935677916e-01
-5.071850729616974585e-01
-6.076876542158375916e-01
-8.240529903008211310e-01
-2.904791345225934407e-01
-1.993011223260416145e-02
-3.329399454291558091e-02
-3.659555100322497423e-01
-2.520401883775760243e-01
1.318467483842617471e-01
-3.092218827569174766e-01
-5.547017044121401730e-01
-7.242172561893934768e-01
-7.318023152503145834e-01
-2.365937777849146662e-01
-8.578753716979784505e-01
2.350943056184681967e-01
1.809812209387137438e-01
-8.393182415895534820e-01
-1.091931493137463072e+00
8.278185646087146687e-02
7.932668839035042496e-02
-1.234765646738379408e-01
-5.377448669854378860e-01
-6.936214998017627975e-01
-7.736056457294397948e-01
3.715744422257102886e-01
-7.152506565790909265e-01
-4.900558073156369709e-01
-6.139820742314228141e-01
-6.262546294524852231e-01
-1.462067612886422396e-01
-3.504438932563724296e-01
-1.270397860176676053e-01
-5.126634502634899171e-01
-6.581203404803364077e-01
4.903235626310755574e-02
1.944451996353815243e-02
-1.024490681690190641e+00
-1.594187037189801204e-01
-1.489866031623052200e-01
-1.377926832021150738e-01
-2.783234194985113596e-01
-1.142086037471572446e+00
-1.166753947074383457e-01
-9.445421564350807431e-02
-6.047951900142677362e-01
-6.657400189872533236e-01
-1.037482379825285017e+00
-2.653637084251844747e-01
-4.112870924259758865e-01
-1.664717118983944644e-01
3.599083605622262483e-01
-6.012922857350042616e-01
-3.533936315492134939e-01
1.836427345446590975e-02
-6.672920862297078148e-01
-6.417331698283303965e-01
-8.182593791681196382e-01
-6.906636948665962894e-01
-2.536293472929140314e-01
-3.468471317024750533e-01
-1.358829277162707516e-01
-1.002745994487323600e+00
-7.261149559231097061e-01
-1.004364215554962581e+00
-1.130887865587959951e+00
9.825662816224364771e-02
4.590782658957389684e-01
-6.808469729689926586e-01
2.588733979414478692e-01
-7.174074582497279584e-01
1.555704747398193588e-01
-1.139063653017512168e-01
-7.338787699041329216e-01
-3.303724388424077452e-01
-2.172173407861313632e-01
-9.148910033424388910e-01
-6.316389571141772796e-01
1.168486915976725687e-01
-6.344055215221963695e-02
-1.150870758511923109e+00
-1.042931648381846932e+00
