# the parameter of b hidden in the second hidden layer
1.547564835176701736e+00
-1.692312903605674990e+00
-1.707804345858217498e+00
-2.451837434723728393e+00
-2.582198722455486539e-01
4.154830968033872196e+00
2.142631396389780729e+00
1.068327421009910710e-01
2.003205460683533001e+00
-1.418482753691183040e+00
1.261163274013096691e+00
3.262569574093575397e+00
1.814241908597434172e+00
-1.829592140770791797e+00
2.684960645456766937e+00
1.895306098469307976e+00
-2.689736144116697147e+00
2.888737314958233604e+00
-3.541319317850363912e+00
4.320013114203282711e+00
-1.530314536489254085e+00
3.494679189581058942e+00
-1.732718519830526827e+00
2.341263179727545385e+00
2.849322770846852038e+00
-2.026744617133471760e+00
-2.117999347027314627e+00
2.443631758740682614e+00
9.336702353162513734e-01
-2.186270134170235302e+00
-7.658133843436576438e-01
3.130692879038722509e+00
1.949351658898526907e+00
-3.327488740118684785e+00
-1.874306595316775015e+00
1.256519203441498256e+00
-1.900346728536780883e-01
-3.083615465010720591e-01
2.278461927576233226e+00
-3.440661164531576333e+00
-3.450483621495333164e+00
4.075337883579540410e+00
-3.206470711106629068e+00
3.574371548637512497e+00
5.081026823426680217e+00
-4.668664739980598055e-01
-1.816972499578228595e+00
-3.813767860849569757e+00
-1.899381708827391657e+00
1.287115211217956245e+00
