# the parameter of b hidden in the second hidden layer
-1.249285181562075131e+00
4.278646378362575553e-01
-2.059130904428527198e-01
-6.879059552761067620e-01
-2.326223858710041448e-01
-3.335138108590470774e-01
8.225796267841332110e-01
-1.375960702539224534e-01
2.419938499958864953e-01
4.662283256709284784e-01
-9.667677928549940347e-01
1.852974743914532485e-01
-9.486769827204779570e-01
5.163760031630861835e-01
5.629129331734234604e-02
-9.514552838860204642e-02
-1.787923288000627942e-01
7.328093834649556104e-01
3.263247245317110745e-02
3.372976975051102944e-01
-3.362017057302182921e-02
-1.025606546390720908e+00
-2.674448465240923944e-01
-8.619688150590514297e-01
1.198306720603608960e-01
-1.287604030901499386e-01
6.504616431522788900e-02
-6.682137815836650674e-01
-9.132577999206156205e-01
-1.475066688070657772e+00
-1.456531875140327337e+00
-1.615154938865482337e-01
8.536502903891639571e-01
1.080196468388864739e+00
9.139751522933700079e-01
1.788816367721073608e-01
-8.523687410035379886e-01
8.853830959237255493e-01
-9.842047776179830842e-01
-6.608194579876522923e-01
-3.392490751036714713e-01
-1.110377388903772689e+00
-1.112371170550626454e-01
-7.082186477399485813e-01
-4.203665789702636379e-01
-1.906904422762542850e-01
3.163018654439226363e-01
-1.274556149373371472e+00
-3.047261446151392494e-01
1.121563626132089514e-01
