# the parameter of b hidden in the first hidden layer
-2.468209649054889550e-03
-5.661217720015922390e-03
-5.437637814838999079e-02
4.527400765483520495e-02
-1.141816644768436396e-02
2.342181950156925208e-01
2.393661267986438579e-01
2.819561436211234229e-01
-9.023098080962783582e-03
-9.071676494319953765e-03
-6.919112971901393398e-03
2.607317799976338613e-01
-1.127812997575414894e-02
-1.112084831789521451e-02
-1.468895935003232747e-02
-5.900472917538993056e-03
-7.732867826319380147e-03
-1.023535337074402314e-02
2.740646763744659098e-01
1.657354694670262474e-01
-5.676502000690816264e-03
1.327961961912264843e-01
-7.855234422397145908e-03
2.423829248799413971e-01
-8.150608228001480701e-03
5.620040617360459040e-02
-1.044128565390757546e-02
3.824345521535640890e-02
7.359654439241819501e-02
-7.818897613900600493e-03
1.651730748555010897e-01
-3.104503052731910628e-01
2.765124851206738343e-01
-8.098866604649054834e-02
-7.032517914694261588e-03
-9.635537035711133277e-03
-8.482217243985038999e-03
9.534518147197577065e-01
-8.625587364001090218e-03
-1.090274731190807485e-02
-6.402307430445525888e-03
-7.815559530272403813e-03
1.893420393425244985e-02
3.717952184211099215e-02
1.531720241071747590e-01
-3.497193177418457533e-03
2.508512934824044249e-01
9.531528600162739867e-03
-8.679111743371544646e-03
-7.181120475130103702e-03
2.167779717356417279e-01
2.100898732618747267e-01
-1.638909356956629870e-01
-5.965046865929780028e-03
1.925781453869313334e-02
-7.443409092239952445e-03
-5.759602083982464163e-03
-9.957566647050568667e-03
-5.087773470368554297e-03
-1.719777593254658010e-01
2.810154646798837530e-01
-5.338048559335174525e-01
-7.947846391767786345e-03
1.265741056027572253e-01
1.920954045861240356e-01
-1.558917573431589376e-01
-1.275017401166330180e-02
2.566304481864749021e-01
-5.952635107367982084e-03
-2.852451845570659270e-03
-7.624290999858712031e-03
1.110129840848195562e-02
3.085160400255124724e-01
2.644690344751051553e-02
-5.606013640369110138e-03
-7.198278466287787690e-03
-1.095422612228757683e-02
-1.004459510410837635e-02
-9.974149754345610144e-03
-7.881564097985288911e-03
-5.621682526527812043e-03
-9.591929747341295526e-03
-1.691207560880987060e-01
-2.506420455936739788e-01
-7.787106546930961694e-03
-1.182594060876776543e-02
5.319219211860552743e-02
1.502966510778427633e-01
1.668557733304092822e-02
-3.373954969783027509e-03
-5.164615983666328951e-03
-8.038951897609764030e-02
-5.007683712036677635e-03
2.355140775395354047e-01
-2.872040303983612597e-02
-7.871000322904945362e-03
-8.815114539951119169e-03
-7.590893589794517511e-03
-3.180650889447608765e-01
-6.646080740883856391e-03
5.511565234248993334e-02
4.258591843562936630e-02
1.266578862422485519e-01
2.482413449839005470e-01
-1.030956393176413535e-02
9.590609183170037411e-02
3.160706601026426199e-01
7.367459357049055066e-03
2.394142253212674931e-01
2.173193019058273778e-01
-8.575564777613965337e-03
-1.433019239633365714e-02
-9.809117274944541970e-03
1.919597075437818046e-01
-1.111628413949577142e-02
-7.163512649941365835e-03
1.552393628658073066e-01
1.051834269617984013e-01
2.295137197241479132e-01
-9.238973566370311044e-03
-6.401407630638839344e-03
-8.535030692132031249e-03
-4.583084581878163997e-03
-5.938453555929147122e-03
3.206430059212160844e-01
-6.699133634951892624e-03
-5.194194492532891276e-03
1.974529816441465135e-01
-7.827383966627431133e-03
1.886973463167681275e-01
2.300393303300193037e-01
3.614560811919215744e-01
-4.935094240693452261e-03
2.884189255205082958e-01
3.388644215570524865e-01
1.181364982819760323e-01
-1.019728321034326160e-02
-9.219556515173778916e-03
-9.465612115921036643e-03
7.256815040552044849e-01
-6.904060248371576836e-03
-1.017512166386923093e-02
3.225058092529776710e-01
3.230247301258467596e-01
-6.775124156071656890e-03
-7.016055079904726273e-03
-1.349892684941010612e-02
-1.204353601590975736e-01
-7.825288072740767958e-03
-5.601052557364242894e-03
-3.993457417624989847e-01
-1.330017682487795970e-02
-1.044094492384427600e-02
-1.331485701459768183e-02
8.559183404136747053e-02
-9.027477609631386068e-03
-8.054453945507555543e-03
-1.138870180542744109e-02
-6.913598711201508241e-03
-6.136576866177488598e-03
1.639571113048400863e-01
-8.404466367607157581e-03
-8.430341885835510030e-03
-1.056966896080085982e-02
-1.025698315341354999e-02
1.708159241619726931e-01
-2.298595305796961863e-01
1.677782873615148718e-01
5.754195554095857534e-02
1.509403068848041152e-01
-6.410278249657806737e-03
2.008566982940536705e-01
-7.478206099644900233e-03
-1.054508528559182888e-02
3.025284039463147501e-01
2.253882675933600865e-01
-5.522267544958455072e-03
4.457452272847273883e-02
-6.255308853314571482e-02
-8.059543979815229561e-03
2.238235997968698043e-01
6.312592127249148921e-02
-6.663148093261855517e-03
-5.438071234135865260e-03
-1.369665474810756733e-01
-8.647749579363785827e-03
2.385705819727029497e-01
7.231656045481443806e-02
-5.109124075216863597e-03
-8.295452726502705251e-03
-9.177820616167092771e-03
-6.250649143059049465e-03
6.162357721579589942e-01
-4.283250805768220107e-03
1.489978026471176498e-01
3.533101056925750938e-01
-8.842226462270669565e-03
-5.447933197846535451e-03
-1.666870874901253130e-01
1.464424454832678468e-01
2.986181015891690299e-02
-5.686290093730401139e-03
4.995869320185506585e-02
2.518005272482321671e-02
5.684057956826224500e-02
-9.203506438668193970e-03
-8.638900005447300301e-03
-9.783780209739051381e-04
2.845025201608319607e-02
-1.085491494908545976e-02
-8.301404451420062863e-03
-1.049992086727962771e-02
-7.794433246773034216e-03
1.612242844336102265e-02
-8.794704366664424927e-03
2.447401383943604014e-01
-7.665612181712979332e-03
-4.877597915908265039e-03
2.100657223967259957e-01
1.669773548533926288e-01
-3.868393447931920970e-01
-9.757251505416258963e-03
-7.042069633894794053e-03
3.376576859926569418e-01
-8.511626717077551418e-03
-1.048401915727265044e-02
8.658721236637235974e-02
-7.273892966150887276e-03
-1.071770201618938920e-02
-1.449187083742809086e-02
5.489115741456541686e-01
2.240037937123256218e-01
-7.897897540087768856e-03
-6.451541370921268399e-03
5.676725719677574999e-02
-6.478829002127792051e-03
-7.520050794543463486e-03
-7.799434008064334845e-03
-4.611558103109468856e-03
9.563452255137114277e-02
-6.263788544831370292e-03
-9.586727921163155919e-03
5.442512868084783267e-02
5.260467000057758580e-02
-1.173643204566464197e-02
-2.735109658635078156e-01
-7.156320587788265845e-03
-5.414223799409355678e-03
-6.430399840536383388e-03
-8.885586808850414603e-03
1.853683815231058629e-01
4.062612093383131673e-01
1.736689377519714250e-01
-1.479384176738695322e-01
1.448766463672252480e-01
2.475590950693221659e-01
-9.917592252582659029e-03
-6.619708830966943881e-03
-6.573212780292851318e-03
2.012971182250001267e-01
-9.392213037124319194e-03
2.470638316885541141e-01
-3.194229592685252639e-01
1.203829971760428802e-01
-7.621843386140108277e-03
-6.926047314733666492e-03
-1.331050292317870198e-02
-9.463402474754099847e-03
-7.829601533858053519e-03
-8.655105748197278182e-03
-1.374402590196357743e-01
3.024811538684746282e-01
-9.584996356777904236e-03
-8.230449841579138767e-03
1.906862334881125609e-01
4.928148544930308073e-01
4.205611830991601297e-02
2.466033811714501145e-01
1.811979215922445985e-01
7.211235920711196734e-02
-8.353411240620702005e-03
-1.072869137104837806e-02
3.008364595126078456e-01
-9.259034318219398069e-03
8.822722588763430851e-01
-8.329667280451478681e-03
-6.476930197385882479e-03
-9.446989194958304095e-03
-1.051431900207574176e-02
6.964133825583367077e-02
-3.550094478229032929e-03
-8.139508443251432246e-03
-7.447367883086111057e-03
1.118241727946321651e-01
1.516937409878238718e-01
2.846034098667569179e-01
-9.272707881864000051e-03
-6.803823325041201929e-03
1.717080679915309327e-01
-9.916231634862994818e-03
-6.327190058826761068e-03
-6.578160279328200757e-03
-1.139261131699608083e-02
7.329435381949749306e-01
-7.365935722813216936e-03
-2.982950939727460060e-01
-6.859846541559622840e-03
-7.771056014638745221e-03
1.471088976822477468e-01
-3.733888159475548529e-03
-8.047933274667505577e-02
-3.107080249249821180e-01
-6.008564763675424206e-03
-5.114961006826052731e-02
1.474787446348441340e-02
6.189489756058622616e-01
2.338614668038768163e-01
5.118294687234061779e-01
-1.104583462590635369e-02
5.915823584848931560e-01
-6.838903606973201210e-03
-7.931097716744765769e-03
-6.667562100655118063e-03
1.967597981346315972e-01
-1.876065620321376928e-02
-6.399665637894657796e-03
-1.073079805613454465e-02
-1.204675082643116429e-01
-5.748617758793817846e-03
-6.235278831120785042e-02
8.329306550502079132e-01
-6.259199344543294949e-03
-1.662244014887559185e-01
2.318318719862333052e-02
-3.111339843297436861e-02
-5.561635888604333014e-03
-1.121488143623959079e-02
-7.498316029695704758e-03
-5.506312072494158431e-03
-1.136937191121012956e-02
2.103609018536939101e-01
-6.396752536423935993e-03
1.387017648625549771e-01
7.080356083845754100e-02
6.317131072107899648e-02
-8.876740711669389369e-03
-6.198855991606052988e-03
-1.066958176967073950e-02
-1.267955916125462898e-03
-3.362284081884896105e-03
-5.339141281851470487e-03
-7.462319040044603294e-03
1.384090260541004369e-01
-9.267592673988214041e-03
-5.904784194936776517e-03
1.423254154962626597e-02
2.260465107724208556e-01
-1.054906569400776949e-02
1.502612985470055118e-01
-6.421184546218585906e-03
-5.466672974364721396e-03
-1.153764758242519471e-02
4.581682339704935825e-02
4.725019959826041310e-02
-1.527979478148522655e-02
5.235872787650689419e-01
4.896546975646662858e-01
3.501867705951290932e-01
7.120794186931888037e-01
-6.517100422690007624e-03
-8.314569516162309895e-03
-2.435296976490064144e-03
1.112205677657304020e-01
1.382812443362034793e-01
-9.001893832626572250e-03
2.958596455683953907e-01
-1.146109825601893811e-02
-6.364700399109231820e-03
2.096285995284323800e-01
-6.840524457832026367e-03
-1.196285081147112003e-02
1.074484679754634381e-01
1.122996081138913776e-01
1.361067861000571644e-01
-8.619516831759250694e-03
-1.857722391772188841e-01
-1.030197509447048840e-02
-2.598347679082674833e-01
9.606208136083109472e-02
-9.519651013665041822e-03
-4.120778127131337620e-01
2.359342648341622162e-01
1.658882253185419431e-01
-1.202158241119600547e-02
1.177581218550925735e-01
1.461765775036648618e-01
2.263897702637682197e-01
6.653697772581011749e-02
-7.328181745568563936e-03
-1.801330973005862979e-01
-2.058021744098965100e-01
-8.864110012765808941e-03
-7.300165887099331445e-03
1.243557606859909265e-01
-6.362215586586046356e-01
2.712984841401439029e-01
-4.879555713293672742e-02
1.829326279927434296e-01
9.963405643560577230e-02
-6.669346945349927669e-01
-1.076037528709726521e-02
-3.993448194921207506e-01
-9.064635499847000302e-03
1.938136334176863429e-01
-2.452055091492325867e-01
-7.919707270376167424e-03
7.426221322137533006e-03
-6.552954420853347554e-03
4.203914104327679535e-01
-8.027177439708753706e-03
-9.725715523235827289e-03
3.192025179761756593e-01
-7.304356453543245191e-03
1.875617396169287909e-01
-8.298029992759888354e-03
1.733722066037097220e-01
2.403449607817934042e-01
-2.476994861067483844e-01
-8.489454796821650773e-03
1.358124875190819814e-01
5.766756971405285342e-02
4.298246036161631339e-02
-6.271898999359500244e-03
1.856520170066064956e-01
-8.073548755630459081e-03
-6.857674723392299422e-03
7.638171874239583214e-01
-1.040157965223600760e-02
1.580168003133287091e-01
-8.986917627864006095e-03
2.001358767837524699e-01
1.244051473219585646e-01
-8.763609835839892420e-03
3.995210518205374317e-01
1.749971780170304358e-01
-4.876097595033605098e-03
2.674191503435032272e-02
-7.560082522154290378e-03
2.299684571145939327e-01
-6.156845918911991837e-03
-5.664844896268682144e-03
-9.796878219897385207e-03
-2.141491177510618238e-01
6.530323232066059802e-02
1.530753645805781327e-01
1.103703896338919382e-01
-5.967011351056595615e-03
-8.143901730064250638e-03
-4.627688696028262397e-03
-6.024665930587902105e-03
-1.454709212075510662e-02
-7.792018049444652747e-03
-6.714761745828842221e-01
-7.667119943223951219e-03
-1.001261239199376096e-02
8.549813218282904803e-02
-7.833742227498056293e-03
-1.063125376589280253e-02
-8.113003318897566915e-03
8.480525296857642503e-02
-4.704387051740450444e-03
-3.538469676367619714e-03
-1.133273680307621406e-01
-6.538111050696997044e-03
-9.440683186917672373e-03
6.604271520874021029e-01
2.015401088713363875e-01
-4.015410578665593380e-03
2.474504305190629583e-01
-4.337862241151804743e-03
-2.395853607702257970e-01
-6.955149078964864909e-03
5.902386807698746241e-01
-9.089444142180434436e-03
1.527682467329526950e-01
-1.135635594927963954e-02
-6.122733579637142098e-02
-1.521592799730201243e-02
-1.048046645150786833e-02
1.874127840916990362e-01
-8.513796819499840074e-03
3.590900870234466080e-02
-5.909987618984838438e-03
2.980848030004693561e-01
-8.960841653091656048e-03
-1.492483280868819005e-02
-5.643705152927809901e-03
2.969682720517962116e-01
-1.286360340828436588e-02
1.420099135352485831e-01
