# the parameter of b visible in the second hidden layer
-5.073605748628183809e-01
-4.373921356169975794e-01
1.218096108764104707e-01
-2.443087310217315344e-01
-4.563313173504081610e-01
3.407471851828556275e-01
1.543682483703952835e-01
2.246436050258225903e-01
-4.776690377046372005e-01
-4.476150030901773769e-01
-3.908165649362732030e-01
2.434300572786893824e-01
-4.448323260162520554e-01
-4.225141892977620217e-01
-3.412190341951203409e-01
-4.187132931410264547e-01
-4.530542167274336229e-01
-4.734866076477466379e-01
-3.726530930597901636e-01
-3.121049532829495241e-03
-4.467742534301460400e-01
-3.540306984578369121e-01
-4.694543775356353477e-01
-1.960557605665750602e-01
-3.888274302141179195e-01
-2.637728577123271689e-02
-4.753683163097600639e-01
6.171441564744162278e-02
-3.048347644891488684e-02
-3.976970139244034308e-01
-2.501336623490432731e-01
1.096203801278384099e-01
3.560567077557055260e-01
-5.424747846457120271e-02
-5.227107978163030300e-01
-4.605437393113105404e-01
-3.854285534736571206e-01
-1.068687927842808250e-01
-4.611677406135769597e-01
-4.280370706015103055e-01
-5.413241948471880782e-01
-5.225626438963983933e-01
3.095130269970363113e-01
6.617690949319536553e-02
1.981937110831283599e-01
-4.295474890429983872e-01
1.998629459119216356e-01
-1.523374569101285103e-01
-4.014303340168488554e-01
-3.345786872681906776e-01
3.144894511828403849e-01
3.139193379933152284e-01
7.464971221716357186e-02
-4.857249089438989698e-01
-4.448771654779233864e-01
-4.702386223715522284e-01
-4.240224216560115056e-01
-4.277610455860589855e-01
-5.042909928475027836e-01
-6.024195929331112309e-02
-2.445953409103270582e-01
4.816202905277348206e-02
-4.148299444589992890e-01
5.732209643680735711e-02
3.387297586491609946e-01
-5.117295349676229121e-02
-4.936061527802316773e-01
1.387401425101686403e-01
-3.419157832520549056e-01
-1.632982392037449493e-01
-5.198588478152453840e-01
-3.147512912098693327e-01
2.012142074270534542e-01
1.808041939710277879e-01
-4.801209747899360947e-01
-4.638893316155068280e-01
-4.110387146377164624e-01
-3.803140401805762405e-01
-4.612188293444648424e-01
-5.390219485887105533e-01
-4.450257627624019663e-01
-3.004757510084424266e-01
2.129482446088121206e-01
-6.063057829475600180e-02
-5.126057358799026575e-01
-3.834334418229998764e-01
1.219796553658915733e-01
-3.670680137771382689e-01
-1.067008377094999377e-01
-4.435783093448800729e-01
-4.736619713173357282e-01
1.802486128012038141e-02
-2.992720603325482176e-01
2.248830801339993801e-01
-1.178216612393701707e-01
-4.827060760783855597e-01
-4.829282572908596971e-01
-5.161287021078480031e-01
-2.953445478262429758e-01
-5.422395625827138854e-01
-2.433163879330371704e-01
-7.229365556909032875e-02
2.222313769289051277e-01
4.241226576597052940e-03
-3.576701583875925849e-01
-9.165583871371960067e-02
2.213747067998344531e-01
7.468458865456095719e-02
4.480232869091701486e-01
3.559515304601101882e-01
-3.805551529732552618e-01
-4.518349106892353695e-01
-4.823978548121053422e-01
-1.870630626923421025e-01
-4.063110940172604546e-01
-5.324196869423213352e-01
1.723578237135984237e-01
1.531512023300028447e-01
-1.222976527247956850e-02
-4.330970393040403654e-01
-3.379838263543791244e-01
-4.239292667392290936e-01
-3.418178288844600510e-01
-4.321733423804533514e-01
9.235502124044021877e-02
-4.213046858276950912e-01
-4.544452852212734206e-01
3.127428222104989414e-02
-5.453064765257648050e-01
-1.582941974197718191e-02
2.548365278788018370e-02
-1.504144375067553718e-01
-4.042797647351764612e-01
5.285842969590306417e-01
3.688806969343316061e-02
-8.461350332137120012e-02
-4.093055151697980176e-01
-5.025138298240670043e-01
-4.199925544876115802e-01
5.596679588592299442e-02
-4.281797697203659769e-01
-5.070872277105523684e-01
-2.693967594727101345e-01
5.248687944925201077e-01
-5.501584751681986019e-01
-4.720036714180361193e-01
-3.689458874887210360e-01
-1.022597388437087584e-01
-4.897504064177914396e-01
-3.636575312425217588e-01
1.072897104693872200e-01
-4.992759938096189010e-01
-4.349229605827050205e-01
-5.399756937955157987e-01
-3.455737494936463317e-01
-5.221615543584410268e-01
-4.872544673154989292e-01
-3.683538173755542822e-01
-4.454831425489746421e-01
-4.693372606341438269e-01
4.639317411499300770e-01
-3.924035337332309470e-01
-3.818442997883786938e-01
-3.817565674927748676e-01
-4.336154382033945431e-01
-4.496934335569902075e-02
-1.567496293441747734e-01
4.272895212259703590e-01
1.413994852103465372e-01
5.236362268946021317e-03
-5.167395470853217709e-01
-1.749670162291075970e-01
-4.321314536242683024e-01
-4.409305030875366183e-01
2.288696157929999975e-01
-1.057140119151915164e-01
-3.381090508098897329e-01
5.641742017704495793e-02
1.222740775701919996e-01
-4.784483760061307711e-01
-2.951588076239878081e-02
-1.520335124343759337e-01
-4.051527799695627263e-01
-4.665457625831565536e-01
-1.560256749070909055e-01
-5.163409985768765420e-01
-3.131679632815920211e-02
-2.845727865570463755e-01
-4.046805964555591495e-01
-5.015968132954133907e-01
-4.020280272757721374e-01
-4.213162253120222300e-01
1.358766442269660202e-01
-5.285589247338216001e-01
2.121821289226912266e-01
4.922404511524443027e-01
-4.809060537034989813e-01
-3.670222309278853290e-01
-2.483749146623532300e-01
3.336075815509048081e-01
-1.538919282619320150e-01
-4.802140061454402975e-01
1.335166696491360272e-01
1.380080762832611996e-01
-8.598420086029770482e-02
-3.832411349439720505e-01
-4.290781584794954306e-01
-3.099438254583731789e-01
1.603811699734250251e-01
-4.249265998094894359e-01
-4.089833754981440639e-01
-4.031598875313594510e-01
-4.705077911723904438e-01
-3.401940673297175755e-01
-3.801163860442501874e-01
-4.008114295594634308e-02
-4.504247731102327124e-01
-5.254177007196443316e-01
8.552717549677125997e-02
2.205650918573528324e-02
-3.184264475573778674e-01
-4.031666922694879251e-01
-4.085620577776223339e-01
-1.371415042322187555e-02
-3.741498236794985610e-01
-5.092532332882142576e-01
-1.818540019086854198e-01
-4.175970885785897369e-01
-4.266455842410671884e-01
-3.687969272813168553e-01
-6.698982394201583035e-02
-1.368341849652314306e-02
-4.701779828664487959e-01
-4.591264172920760944e-01
-2.073813689969347396e-01
-4.731552662866747028e-01
-3.570618354781507908e-01
-4.132337331676972925e-01
-3.079741255607050254e-01
-3.204222592988008600e-01
-4.701770041728053351e-01
-4.289565914312526984e-01
-1.885639031212619221e-01
-9.111372672412199059e-02
-3.941587725282368337e-01
-1.774281862084909900e-01
-3.577555994404847950e-01
-4.317768642027725590e-01
-4.534065082028965188e-01
-4.156061262190061112e-01
4.115615782622067398e-03
2.003071599874520214e-01
-5.681253116230764594e-02
-1.394350546897864529e-01
-1.315417505117935093e-01
-4.247686054068478545e-01
-4.844552818592262611e-01
-3.601041604703617560e-01
-5.320513070733827732e-01
-4.131380936546343724e-02
-3.219277491083542553e-01
1.075374347993380691e-01
-1.976748004470455788e-01
2.472390806352992854e-01
-4.294359339278953080e-01
-2.776667662383556778e-01
-4.223802037972548828e-01
-3.538369251755877909e-01
-5.384647498595376280e-01
-4.931710403467788884e-01
1.710449692436669111e-01
-2.539881735915303085e-01
-4.168947553896895641e-01
-3.937332148092765327e-01
4.139728132230380275e-01
9.534654836641356934e-02
-2.968429088381928094e-01
2.201357716119690111e-01
-1.826437354502917498e-01
2.898977555799482353e-01
-4.221231461347767500e-01
-2.769608764656901756e-01
1.928568010727675919e-01
-4.613975158819151323e-01
-1.156701461821805915e-01
-4.864909592915244163e-01
-4.359958774799584380e-01
-4.644629630257149366e-01
-4.515780201229164792e-01
-2.556810181868194864e-01
-2.714929500131261220e-01
-4.146436291248383199e-01
-4.169061802543971851e-01
-1.517355400711520030e-01
-4.972285521902503058e-02
5.381328401605730560e-01
-4.265710502438702090e-01
-4.318463848446507658e-01
3.251742274972298508e-01
-4.072309222496823256e-01
-4.380886589695208166e-01
-3.757560089076305010e-01
-4.308080891691114522e-01
2.865309707383990184e-02
-4.507520430726706939e-01
-7.708987851372828271e-02
-4.394686615174063782e-01
-4.586633835777575441e-01
-1.971127068258955173e-01
-4.388630138064032460e-01
-3.186663060946051673e-02
2.747062730960218579e-01
-3.635537053477430058e-01
-8.666356709884184828e-02
-5.523922185215828645e-02
-1.892464414690070984e-01
-1.702605567236204209e-01
-2.246973708501953659e-01
-4.659621908959297731e-01
1.544212655504016429e-01
4.099115236788752892e-02
-4.749992466221799048e-01
-4.471234272698410006e-01
1.883198234090362744e-01
1.914532126708386739e-01
-3.980056816353307325e-01
-3.916364479292809286e-01
-4.741121074846979533e-02
-4.678663689744260723e-01
-1.873265645992731876e-02
-3.554879045194462850e-01
-4.863422873485910292e-01
-2.379371379177936674e-01
-1.640418906014405598e-01
-5.105802531393471150e-02
-4.157574326625917416e-01
-4.161101055719506614e-01
-3.679076890119714616e-01
-4.040702643728839027e-01
-4.068275588013690602e-01
-2.154441512183445373e-01
-4.340424568983820008e-01
2.392079540631673884e-01
8.948396809661431084e-02
-3.116577079041567000e-01
-3.838550958523068157e-01
-3.941125228251949886e-01
-4.614204505204281825e-01
3.503742779535439639e-02
-2.674395600384160132e-01
-4.360659693580283824e-01
-3.973302262064487000e-01
2.199189985303606210e-01
-4.259987734575656493e-01
-5.233701894019964218e-01
-1.883383940740039064e-01
3.828483660340977757e-01
-3.827486056664897718e-01
-2.498009488750350948e-01
-3.326234241752998311e-01
-3.130283205877674724e-01
-3.106765857375188844e-01
5.326444512939984000e-01
3.568404136789857239e-01
-4.695250443568431131e-01
-5.073287777641840440e-02
-2.214954014471775048e-02
3.968985302767296108e-01
-2.487205904766122758e-02
-4.416647300112078178e-01
-4.144773234101565840e-01
-4.926603919375157625e-01
-4.387224053270046276e-01
-1.115073678700162774e-01
-4.844991326409328058e-01
-1.336529700427154244e-01
-3.868181279725919075e-01
-4.045260008777726290e-01
2.702195608124334236e-01
-4.463800981087041042e-01
-3.745410224233544083e-01
3.842112499194031555e-02
-8.104043798578045021e-02
-5.416432851801247089e-02
-4.517968019608138430e-01
1.334960826507428922e-01
-5.084010573321471327e-01
-1.772673998319372057e-01
1.355216860433274273e-01
-3.277048063042286019e-01
1.616444075151587945e-01
-2.971789315159433127e-03
-8.621828014234649007e-02
-4.683992438736426234e-01
1.346513410379062137e-01
-2.755752732470170829e-01
-3.120789444159068338e-01
-6.901766443154298825e-02
-3.644196844961407611e-01
3.292304033868344582e-01
-1.160067292717460868e-01
-4.572303081134466707e-01
-5.180797144183185710e-01
3.062092068721502525e-01
1.125897241078040734e-01
2.831800267252939096e-01
-2.261950627759724830e-02
-2.518422649723086604e-01
2.225488384074174320e-02
-4.930938167227921082e-02
-4.919664992165704853e-01
-9.686177551706015576e-02
-3.765698969298353904e-01
3.267962649004444442e-01
8.096245461715752267e-02
-5.316152225638761664e-01
-1.263804566886370107e-01
-4.565168062579876285e-01
2.416094396669788563e-02
-4.603316575832578361e-01
-4.660153288239080038e-01
5.045619226358784015e-01
-4.599998606428990500e-01
-3.610758427245034513e-02
-3.703262331977256183e-01
-1.431136462910789497e-01
-1.548148139368836218e-01
-2.601823577398509890e-01
-4.427033562198556260e-01
3.091657561594637338e-01
-4.894979555109871816e-01
-4.298858176542649234e-01
-4.573172567101348451e-01
4.064676054768720515e-01
-4.135491340983598607e-01
-4.405470539598475566e-01
-2.690108739967349560e-01
-5.036258813547608293e-01
-1.926741756444855236e-01
-4.618198524565105823e-01
-2.015363987535958856e-01
1.726585100156809993e-01
-4.815019714420530339e-01
5.269861822400317974e-01
-2.320013819697248555e-02
-3.690459571439687614e-01
9.847965919593487660e-02
-3.443081837521118627e-01
-7.332441747626701478e-02
-3.991600236606647756e-01
-5.794780691933133498e-01
-4.212504898275999943e-01
-7.005678515343693492e-03
-3.330355279449249695e-01
-1.906326196290099861e-01
-1.471981126150627706e-01
-5.101410301478765952e-01
-4.156646013593151001e-01
-4.725803752654168521e-01
-3.915547556543992891e-01
-3.273661717373674285e-01
-3.904877301759359653e-01
-1.024396541982543485e-01
-3.919994313900734273e-01
-4.414993556379052109e-01
-2.171367942842150067e-01
-5.246015887028233626e-01
-4.129736386350544852e-01
-5.812570976959138269e-01
-3.136033819520434029e-01
-3.891598749682379510e-01
-3.732845088403732303e-01
-1.705412267585303399e-01
-5.134991430983115723e-01
-4.504795189280669798e-01
-1.120354747444228943e-01
-1.179697652032986321e-01
-3.363756321442306629e-01
-5.524725749191194274e-02
-4.046751759865825360e-01
1.111306163967032135e-01
-4.473497287877944983e-01
1.148688307544141890e-01
-4.453594468607456336e-01
-9.183236170544267774e-02
-4.644582681704726990e-01
8.976141283718934438e-02
2.365334862229489382e-03
-4.877176698928010201e-01
2.151242856096546308e-01
-4.563089660907002632e-01
1.799814541497908871e-01
-3.928418867799846614e-01
-1.575667572746211331e-01
-5.063671471416237857e-01
-4.515036503718325989e-01
-3.494758427761442965e-01
-4.324108156176682816e-02
-4.465288108369651621e-01
4.828135327541568239e-02
