# the parameter of b visible in the hidden layer
-8.988809761583747004e-01
-9.657956436833948777e-01
-8.951556400491278431e-01
-9.672602421239223647e-01
-8.992522492266012968e-01
-1.137982132769381760e+00
-9.700568371408047064e-01
-1.158551609609840272e+00
-1.029630964019193629e+00
-1.126264287731958635e+00
-1.347967601410939409e+00
-8.282950462957516802e-01
-8.680732212833718320e-01
-7.453536974540939664e-01
-1.209094736331333131e+00
-7.685126334299409168e-01
-9.850030273023255845e-01
-1.348996020982068833e+00
-5.423427801001764470e-01
-4.610172805158374021e-01
-4.369346863007899651e-01
-4.766027274956861071e-01
-1.172235964790303342e+00
-1.264147112590125355e+00
-1.256046011455598244e+00
-7.866060492151666361e-01
-9.415061693436639345e-01
-5.742241391288545049e-01
-7.022422821355015499e-01
-1.267173381327314496e+00
-1.009919549989721999e+00
-5.107408523840309966e-01
-5.744793110222131682e-01
-5.081773661088906380e-01
-5.602988959542267722e-01
-5.183268134074534572e-01
-5.814955420326396451e-01
-7.502090786655813970e-01
-2.122068237314646000e-01
-6.147358857388636189e-01
-4.154950649453215128e-01
-5.263039933783530966e-01
-4.555061446882824883e-01
-4.659753180555568086e-01
-4.555071256814614000e-01
-4.699167665982340591e-01
-4.571756164042835024e-01
-5.078172440298095447e-01
-4.940322525124985487e-01
-1.102635683592708471e+00
-7.179176961887345776e-01
-5.735053119856595716e-01
-1.272091405716528678e+00
-9.548615342172293019e-01
-1.428225495044684434e+00
-1.294529609101772616e+00
-7.223972072913670273e-01
-4.951451109712594612e-01
-4.557914883176175658e-01
-1.024599503495788877e+00
-6.747256307422129229e-01
-8.403050595269089262e-01
-7.218833512024097621e-01
-7.795692081439054011e-01
-6.505990230372125094e-01
-4.816502339766985386e-01
-7.709045425986390532e-01
-4.992044788571654568e-01
-4.960371595397624067e-01
-4.622041802289857948e-01
-6.758011822036507077e-01
-9.013072043142696943e-01
-5.628400960141208831e-01
-1.012343671765182584e+00
-9.620422631861904605e-01
-1.393282623545559096e+00
-1.179937546823316641e+00
-1.065560374188690096e+00
-4.307532159947782269e-01
-4.920352514723813075e-01
-1.134662994590473151e+00
-1.144214550756069260e+00
-1.285731658246061615e+00
-4.854650395606612823e-01
-5.176939040584278562e-01
-1.176422313279158027e+00
-5.013367470784109159e-01
-7.614069251750091860e-01
-8.527418999152263090e-01
-7.749927402989306158e-01
-1.130398852427078937e+00
-1.242492056953115931e+00
-5.652361615435661513e-01
-9.085192145336731251e-01
-4.657001832256898455e-01
-8.884100328195817520e-01
-5.341941815725167464e-01
-7.176338459081910148e-01
-4.459542645647746606e-01
-1.149280091654715230e+00
-4.788758042219163902e-01
-5.260450958439336633e-01
-8.737005684778434977e-01
-1.058579559537139225e+00
-8.626233900032427293e-01
-4.387884800118274087e-01
-1.323460632328631092e+00
-1.288978370492006365e+00
-1.026443318773422098e+00
-5.917560279152613845e-01
-5.013774283125213005e-01
-5.798338360110613099e-01
-5.448758063270243701e-01
-5.416936687524810390e-01
-5.021285225516477491e-01
-7.867653759337872588e-01
-1.077399953558835666e+00
-5.895841902485117192e-01
-1.247919572114696285e+00
-1.054596958646432991e+00
-4.747316731520989097e-01
-1.051303475993907943e+00
-1.028996185240359296e+00
-6.556315587938347234e-01
-5.191797400194215761e-01
-5.285846816672599147e-01
-5.206210726004584233e-01
-5.106654166833117792e-01
-1.133170734692963144e+00
-4.380201284384688254e-01
-6.839724458950673380e-01
-1.032619906153959377e+00
-9.098042907621188835e-01
-5.670267943188611603e-01
-6.292968249167472106e-01
-6.770458359641717827e-01
-6.571070829373764077e-01
-5.295324438475800255e-01
-8.740820296059071959e-01
-1.561397985603334648e+00
-1.030272783153303617e+00
-1.149648432731755099e+00
-8.804162399873234346e-01
-1.079308113297420268e+00
-1.244833777914025719e+00
-4.877414537635645919e-01
-6.282525234284043192e-01
-5.352772574881224932e-01
-1.475924580677207665e+00
-5.692272938212347144e-01
-4.590129584728621648e-01
-4.545250283843783601e-01
-4.951253123449725346e-01
-7.694299601015388568e-01
-4.589409143178702633e-01
-4.554471810265197096e-01
-5.326252179853334656e-01
-5.492383808199645667e-01
-5.123546717564541053e-01
-5.338241493841808794e-01
-8.563933614770383729e-01
-8.975495505260169260e-01
-1.083593851636551308e+00
-1.314841336727907706e+00
-1.212068918977376120e+00
-1.261108798914367668e+00
-1.216088182431485976e+00
-9.483570491218907828e-01
-5.099205202645825663e-01
-5.364349533837645678e-01
-3.377081575862379559e-01
-5.115059691519127094e-01
-9.398934047810342252e-01
-6.681226087477366571e-01
-7.228042359948714246e-01
-5.571242637946498544e-01
-1.042842712801699934e+00
-1.090568604659229779e+00
-1.076538693038332495e+00
-1.078595477192729302e+00
-4.775194517898650459e-01
-4.792763072324758289e-01
-7.858364182490176209e-01
-7.671336038995405504e-01
-1.008873697168855443e+00
-9.671262303840880703e-01
-7.995043606051674967e-01
-1.610864996877756417e+00
-8.635324010422552599e-01
-1.065736047748702120e+00
-1.163977444093029501e+00
-9.957631112396194695e-01
-4.980728041292479258e-01
-1.082504438342467790e+00
-1.063735812017602811e+00
-5.428080757886079022e-01
-4.877974338142057054e-01
-5.145283584423746559e-01
-8.433909301282833670e-01
-1.070873686549103754e+00
-1.324016945181087701e+00
-1.135439090408348672e+00
-1.358265680001807141e+00
-1.075729732032261854e+00
-1.170436398533269529e+00
-9.762932895963499780e-01
-7.797417210525897646e-01
-8.416805175764278113e-01
-1.351289889398368693e+00
-9.254430611610953150e-01
-8.278879453625851426e-01
-4.593947917438609974e-01
-1.111460421498757345e+00
-5.754818460514088407e-01
-1.274043643496791667e+00
-1.435611007022734364e+00
-1.453923493313036275e+00
-1.247563991068106004e+00
-1.091501552685778531e+00
-8.600082107867629277e-01
-9.559289493139895288e-01
-1.019124715706596573e+00
-1.068431752196599138e+00
-1.027952853872765138e+00
-9.460210743014159096e-01
-1.050588305120316646e+00
-4.710856428036905297e-01
-6.913038904662273110e-01
-1.198665841387921871e+00
-5.374286435602341205e-01
-1.044393228076691216e+00
-1.249102917012787639e+00
-5.538541059457346982e-01
-9.261416501232131449e-01
-1.061329615346471744e+00
-1.147292967858679624e+00
-6.682365192167329937e-01
-9.727700269740736649e-01
-1.252934742014757630e+00
-1.201987883719402905e+00
-1.431234712053821800e+00
-1.185687200319491375e+00
-6.953940956511099891e-01
-7.874840987575399964e-01
-6.518959316595599462e-01
-6.701057325452173252e-01
-1.011365162294589615e+00
-1.447650450608008121e+00
-1.324706740199764976e+00
-1.294953162368864374e+00
-1.388410907702217756e+00
-1.381093314675011285e+00
-1.104681270476053356e+00
-1.327541952204600140e+00
-1.208126564333428243e+00
-1.257970234013563227e+00
-1.376584390101267319e+00
-5.028547001489863666e-01
-4.937477750371894181e-01
-5.299331911305350529e-01
-1.298439774105436317e+00
-1.023208742305260044e+00
-6.562126099665094303e-01
-5.833563829755591401e-01
-5.657393284700594771e-01
-1.099461353730571522e+00
-1.110671423221769594e+00
-1.077759787267584590e+00
-1.307906420331683695e+00
-1.199320166473805349e+00
-8.393292401110995504e-01
-6.646021459743112203e-01
-1.098712228009326664e+00
-7.383585790258005987e-01
-1.159285936616018420e+00
-5.788963153957938923e-01
-5.073882647891931885e-01
-5.155004364510871184e-01
-4.661484985951612203e-01
-6.495752400840276719e-01
-5.761313832675262203e-01
-4.458732929697631353e-01
-9.547509338187865069e-01
-9.774125770619637166e-01
-1.291458962784681752e+00
-1.421414154416498432e+00
-6.697722256190338230e-01
-1.167810176374310283e+00
-5.075788401463993127e-01
-1.104499864759650452e+00
-1.062374814203194573e+00
-1.432169041059356385e+00
-8.171270506783644416e-01
-1.082983646459321880e+00
-5.513099537310464093e-01
-9.464417268405642680e-01
-6.131043598879920564e-01
-5.443258517391910134e-01
-7.471698197368383809e-01
-6.016265538447433947e-01
-7.505155214100628358e-01
-1.107837385459845558e+00
-7.147179011311820540e-01
-9.357408556283134393e-01
-1.152391267358981786e+00
-9.591642047858516262e-01
-9.348253452947267172e-01
-9.256527077101484036e-01
-8.703220302275593845e-01
-1.327194353096473822e+00
-1.214469501607253088e+00
-7.656880112092090407e-01
-1.190538849606964433e+00
-5.323553467466302092e-01
-1.392838009813762490e+00
-1.264547966149354608e+00
-1.197736086312779502e+00
-1.215587403890446394e+00
-1.310339138678466853e+00
-6.038564412551911120e-01
-1.112126474342633120e+00
-7.753330391158325119e-01
-4.903706443848394603e-01
-8.735763669158830291e-01
-1.022181973744912487e+00
-1.437817021524005590e+00
-1.402120825481877109e+00
-1.204458512318597352e+00
-1.199374315632722343e+00
-4.103041844126029125e-01
-4.814480874487471751e-01
-1.086342884666823494e+00
-5.143215298689853832e-01
-5.561270141411153167e-01
-4.785514997619524369e-01
-1.258302221754043826e+00
-1.334041477465956138e+00
-1.369480303664125653e+00
-1.174088221229369511e+00
-4.762133987451813710e-01
-1.184026081071089864e+00
-8.709533326955045673e-01
-6.019732373154423888e-01
-7.963526560782131503e-01
-3.973477849045750632e-01
-5.452039235122201344e-01
-5.715759504748069153e-01
-5.623391271763791277e-01
-1.146339280807489258e+00
-6.651823020601901337e-01
-9.534744254104634553e-01
-1.171246441987968678e+00
-9.145639979204592818e-01
-1.158160887217485557e+00
-1.099213344658129365e+00
-1.131664973058358115e+00
-1.266479138496403811e+00
-8.006469237703953690e-01
-7.545293257920938634e-01
-8.585282263335949349e-01
-9.283052700059494233e-01
-6.441358074397536271e-01
-5.251769057863566736e-01
-4.768009050000186488e-01
-4.868780556696992723e-01
-5.148561590977186464e-01
-5.251806487398016365e-01
-5.326980798209510759e-01
-5.360490023829016515e-01
-4.825058027265075600e-01
-8.068641093170102474e-01
-6.148585957514343114e-01
-4.629283364608506868e-01
-5.388155043865155980e-01
-8.361363036270321736e-01
-1.025959741348308141e+00
-6.045000926059114210e-01
-1.181253041489162880e+00
-6.871217703519040265e-01
-7.967463066278436257e-01
-1.500399278757791999e+00
-8.501916817126172754e-01
-1.206017068237684065e+00
-6.738674661125207965e-01
-6.700811451174817357e-01
-5.044971019387136657e-01
-5.727391191753362643e-01
-5.195933159283658842e-01
-1.220888712039197577e+00
-1.038504271547897817e+00
-1.237599550280392924e+00
-6.300952724307843367e-01
-1.015636074866030691e+00
-6.125147973250570921e-01
-5.582500197521986784e-01
-8.865778876782712814e-01
-5.846531898910100056e-01
-6.387370401621192961e-01
-1.086473035255200337e+00
-5.263243372353283434e-01
-4.761917905730398415e-01
-1.023056881112148098e+00
-9.542970717958917382e-01
-1.207637207074574448e+00
-7.837450085631645358e-01
-6.072365493020607241e-01
-5.297202912919845019e-01
-7.080773263800057560e-01
-1.045463042529284348e+00
-4.789236331052277307e-01
-4.632029732454845394e-01
-4.746838684059062063e-01
-5.607454965642164613e-01
-1.217638501684506602e+00
-9.667309759038442696e-01
-1.329393650690128492e+00
-8.495831393737707238e-01
-5.726025633088396294e-01
-4.881155951148666294e-01
-7.588850534054741859e-01
-5.966541659313049362e-01
-6.472748951377379489e-01
-8.256473490517409752e-01
-7.187891381141036096e-01
-3.820116386114200679e-01
-5.421406926701662909e-01
-5.958496551324683477e-01
-5.140453269119663604e-01
-1.012398475996547642e+00
-5.791836375805707871e-01
-9.564227095186776939e-01
-1.031676442338947064e+00
-8.220567090688487566e-01
-1.186314274857326989e+00
-9.336046298690966472e-01
-1.000507573890231150e+00
-4.552151402458837204e-01
-4.354639245926754665e-01
-7.610429428595963941e-01
-4.603289535901378682e-01
-5.051053391152999783e-01
-4.679155343971206915e-01
-8.366681624126605099e-01
-5.172573811110225961e-01
-6.373922774822344817e-01
-5.383320410998521099e-01
-8.342180584421372558e-01
-4.145993278843226881e-01
-4.696857774121672713e-01
-6.535367290376081773e-01
-1.410916089253620775e+00
-8.995818285827680283e-01
-8.087658439597473770e-01
-1.209164039704295979e+00
-1.384236246730611519e+00
-8.271671937015867559e-01
-8.891114280173791906e-01
-1.227997309058196818e+00
-7.219409044577721479e-01
-6.727929130602341434e-01
-5.439861135831473016e-01
-7.378978276768830558e-01
-6.228877001648412959e-01
-1.147683023491253396e+00
-1.021122101669648341e+00
-1.289595709582360250e+00
-1.015064709891509542e+00
-4.831967630864182350e-01
-6.606819275530637636e-01
-9.893230944534123772e-01
-1.098276139393012274e+00
-5.706274506808156621e-01
-1.098953212941879976e+00
-1.248596210934623807e+00
-8.880704364718764454e-01
-1.179125850090594341e+00
-1.079640930327591342e+00
-1.480951364224423195e+00
-3.349897117459665341e-01
-6.077042069702257576e-01
-1.178283880930855565e+00
-5.079335029699486581e-01
-1.322775536579016142e+00
-1.081097165980394736e+00
-5.627071928029888648e-01
-5.804910443829908173e-01
-1.378396257699468830e+00
-1.566159579446170014e+00
-9.986176042926150354e-01
-4.941850188031520763e-01
-1.061184898372083962e+00
-1.166410669209209994e+00
-8.754592882864964398e-01
-9.722269698178203079e-01
-1.088060390585251058e+00
-1.398449273343957078e+00
-1.343726504469652028e+00
-8.108030476555188049e-01
-1.254469091895467958e+00
-4.809846295964015916e-01
-5.488664148222549555e-01
-7.546875182462625675e-01
-1.028177479342566647e+00
-1.372116140892923886e+00
-6.358522393849652676e-01
-1.305056074824019863e+00
-5.165083239614680632e-01
-1.076950225568923170e+00
-1.192517877612567778e+00
-9.080370370257547785e-01
-5.512716013214498112e-01
-1.467935401506282656e+00
-1.400759500973774330e+00
-1.067042375138845145e+00
-7.042308195620387012e-01
-9.365675157401952555e-01
-1.044849408650402101e+00
-8.655985983124604433e-01
-8.255184824181831527e-01
-1.010179559037380548e+00
-5.503363941287329197e-01
-6.980318350850930331e-01
-8.951436811707279562e-01
-8.474774816328126681e-01
-6.859045459483867901e-01
-6.498276421511158807e-01
-5.047683096097069777e-01
-7.989077343613320004e-01
-8.961905050557233965e-01
-1.043714558420769656e+00
-7.351280335749545980e-01
-1.123081706063725704e+00
-1.063406843243810407e+00
-5.764977229370522593e-01
-7.012924162749456514e-01
-7.578510776632174650e-01
-8.620462306389932161e-01
-1.362331426232407772e+00
-1.319067089298271434e+00
-8.757468687569802679e-01
-5.211046589279144658e-01
-9.006208056827509356e-01
-7.693120002504327815e-01
-1.419167192736145555e+00
-5.010593061651197333e-01
-5.519617249461403752e-01
-1.284241367659465949e+00
-5.637595726663473528e-01
-5.255232190313978702e-01
-5.339869651990323263e-01
-5.699235165795676350e-01
-4.948178242676684602e-01
-5.002534845817723230e-01
-4.299043014657329409e-01
-4.720416608064408881e-01
-5.374406069800653496e-01
-5.550016270358124615e-01
-1.247707908207898786e+00
-1.247103516113504673e+00
-1.186170253248936657e+00
-9.832832168778306015e-01
-9.250449011083596851e-01
-5.074316678401139535e-01
-9.829169292519398526e-01
-5.564031396807054275e-01
-8.642024810185963135e-01
-7.966557269914391615e-01
-5.388268931271135154e-01
-7.164884909639281929e-01
-1.053348982575466719e+00
-5.037648478270684294e-01
-3.781946757258729530e-01
-4.505047771789912336e-01
-4.915036890820237425e-01
-4.781632702574301064e-01
-5.044874627260871325e-01
-3.830068485877331508e-01
-4.757553794293571392e-01
-6.577095850891889750e-01
-9.254825257074131839e-01
-4.870550483712790535e-01
-8.909359957963065568e-01
-7.280833276552755029e-01
-4.845763251718291365e-01
-4.688749211961762420e-01
-5.247635484113732929e-01
-7.780120813027885385e-01
-8.237386010294707184e-01
-8.308395984993701688e-01
-6.775448962730652447e-01
-1.146359349706005615e+00
-1.140663343271885566e+00
-9.618370723517445375e-01
-6.048813587736213693e-01
-4.611961422702144375e-01
-4.330262871266857272e-01
-5.934384107691249577e-01
-5.217859258190792326e-01
-5.574576692874843031e-01
-1.129939918535074472e+00
-1.065404373980283204e+00
-1.131413865609409708e+00
-1.202715811971931448e+00
-9.052291581144330523e-01
-5.241328226352959252e-01
-1.005329577373209382e+00
-9.926323958201859199e-01
-4.901570977756138925e-01
-9.227209650564202059e-01
-6.242953948164023936e-01
-5.484622951778057587e-01
-4.341391700340106463e-01
-5.112602274832532823e-01
-4.888138962605643179e-01
-3.303265156080873455e-01
-5.297533065137448594e-01
-4.840670139663935112e-01
-4.868136718584381017e-01
-1.152318287600165858e+00
-4.931340445221515933e-01
-4.822854476590531236e-01
-8.437790438666610271e-01
-1.105080887903949538e+00
-1.145450068453713000e+00
-5.213202699922844241e-01
-6.202994756588627867e-01
-4.771730071857148148e-01
-6.062376166195330152e-01
-3.916795308680913745e-01
-9.303778907831916634e-01
-9.682253486994603087e-01
-5.817327557969917962e-01
-9.581868360458803968e-01
-6.518237466039713546e-01
-1.005965161151073817e+00
-4.387205077117591889e-01
-5.739419199948547767e-01
-7.691162932458039947e-01
-1.011898542577442495e+00
-8.469224261019125954e-01
-4.912051526286509984e-01
-1.232609710845385953e+00
-6.136335443587179750e-01
-1.186101224175361235e+00
-4.554554381405823693e-01
-1.106688184390635321e+00
-7.124376795824424180e-01
-4.347015891143240496e-01
-1.147909097307938442e+00
-8.044201210506989330e-01
-1.022236055251587228e+00
-7.285802762572524127e-01
-4.302936830016359515e-01
-9.680094010287687567e-01
-6.689134267391265709e-01
-4.335625566896776917e-01
-5.184348770693981701e-01
-5.168717720889010048e-01
-4.940385384069560515e-01
-4.334110158427202375e-01
-4.583128149023889542e-01
-4.985009040802381164e-01
-4.979623232922311127e-01
-5.232397242655630887e-01
-6.534898582849729687e-01
-4.532248490558535292e-01
-3.994620257123728813e-01
-1.168873616253858660e+00
-5.459291972812863047e-01
-1.165395731937777679e+00
-1.035219088595102255e+00
-1.118219786464715426e+00
-5.586787252916420865e-01
-5.122727255573743532e-01
-5.093318385941981719e-01
-5.548575248973658391e-01
-4.727511831140898679e-01
-5.337285636418563906e-01
-4.829314584686204559e-01
-5.425473456950095086e-01
-5.027299887607955542e-01
-4.860501961723366904e-01
-4.568501120975304031e-01
-5.228773427189542522e-01
-5.665842181480240658e-01
-5.281501868392537435e-01
-4.784812940533003656e-01
-5.168727064633441559e-01
-4.716686883180864487e-01
-5.423179690645404394e-01
-5.781992448349100311e-01
-5.242474567787167583e-01
-5.393221095897121620e-01
-4.770578753616602774e-01
-5.322266307359192483e-01
-4.817558562042308923e-01
-4.732263469899152808e-01
-5.093698656985009565e-01
-4.174977782406529836e-01
-4.522321263925997425e-01
-4.574050913436147336e-01
-4.936829438736955455e-01
-5.268453189728218300e-01
-5.114242964060008445e-01
-5.240870059180551266e-01
-5.175933559691768826e-01
-8.752913270640089172e-01
-5.091089095235228346e-01
-9.899611855036665187e-01
-5.393152836517368653e-01
-4.827540622287680994e-01
-5.226132360977299163e-01
-1.198964550714778143e+00
-4.993169757226587069e-01
-5.267380385046659397e-01
-5.096169233576878232e-01
-5.307175331193175749e-01
-5.368672842805978229e-01
-5.349079935306544353e-01
-5.020445917748064257e-01
-4.808263704036066510e-01
-5.213965683511299076e-01
-5.212675487892075576e-01
-4.819359198825762802e-01
-5.277995408650993925e-01
-4.626036589680957989e-01
-4.892945781043307463e-01
-4.624321612010626747e-01
-5.415943548153416831e-01
-6.607754778885163160e-01
-4.811722090120837958e-01
-5.053233968832632206e-01
-5.244514137406373067e-01
-4.448822748711809272e-01
-5.961093441526658099e-01
-4.771339344372843572e-01
-5.092062828377209582e-01
-4.780883321225842253e-01
-5.252517758865175024e-01
-6.308388428857230057e-01
-4.824234975629104194e-01
-5.469119922423357760e-01
-5.550853484242403990e-01
-5.176951074268001385e-01
-5.083576294667030426e-01
-4.649343552619584763e-01
-5.035851581307845271e-01
-4.562525308569682081e-01
-5.526501878147295210e-01
-5.256131681910376496e-01
-4.862613793564793396e-01
-5.037132680408706875e-01
-9.087365483013819523e-01
-6.069010002369052970e-01
-5.448166651093321322e-01
-4.970983517088282677e-01
-3.763037625663708252e-01
-5.042475165929971581e-01
-5.178873049270987794e-01
-6.212920942784365685e-01
-5.740640963459896495e-01
-6.746343124083680198e-01
-4.921468340565416932e-01
-6.751755340357125101e-01
-7.264672373129713590e-01
-8.873767173452355994e-01
-7.931454630477000611e-01
-5.072316347564387318e-01
-7.081215075380999924e-01
-7.984759038891913185e-01
-5.265040152415397801e-01
-7.855387705678519294e-01
-5.134655568112456159e-01
-4.443822735405554281e-01
-5.328570929616535112e-01
-8.535279412138797595e-01
-1.024140053584984722e+00
-1.064246015922855060e+00
-4.792902744945112259e-01
-9.195261568496262417e-01
-5.786603971247323841e-01
-8.160874708177650039e-01
-4.670350024941080092e-01
-4.536334273643833348e-01
-5.732625862986535648e-01
-4.225165961204586651e-01
-4.945682410111388316e-01
-5.109828658821448100e-01
-9.812449372925073909e-01
-9.854094915854457737e-01
-1.102297214372973455e+00
-1.173033414586739154e+00
-6.679884849877226749e-01
-8.263300824018808832e-01
-5.104764185582095770e-01
-6.626906843144014791e-01
-5.682199200663170524e-01
-5.146256247234572978e-01
-6.513251903558701095e-01
-7.981367439137426745e-01
-1.115953670769742168e+00
-1.022541074465096234e+00
-4.854475373724270737e-01
-5.150567367135554520e-01
-5.687422024097896767e-01
-4.621187195737271880e-01
-5.081064063925976315e-01
-4.805595609919630640e-01
-9.831878993648287546e-01
-4.888880328264895714e-01
-4.012175935741002508e-01
-4.038142416929495493e-01
-4.866175751726796173e-01
-6.255679139429309865e-01
-5.743958135948227239e-01
-4.708028255104340642e-01
-1.310373417754396419e+00
-1.019205272534378537e+00
-5.641819895672508522e-01
-5.154639860376065696e-01
-4.960006461835793634e-01
-1.159173432418374450e+00
-1.002705246568464492e+00
-5.703580681979559808e-01
-6.024253709004726565e-01
-4.932231274633280260e-01
-6.347097320298660250e-01
-7.096460874510024386e-01
-9.433033646674805484e-01
-4.479251168320124710e-01
-5.267118898257545645e-01
-4.883369672814237283e-01
-6.719093004592741059e-01
-4.788948584224098082e-01
-7.912207055570499303e-01
-4.386486965157991857e-01
-5.001454556357862735e-01
-8.699885267480477191e-01
-5.214575470576305882e-01
-6.460275850447781965e-01
-5.424225606185887338e-01
-6.811890317158849628e-01
-6.672337737001262647e-01
-4.842645519117831920e-01
-7.911634314731726958e-01
-4.971485877254356867e-01
-5.335407047181938145e-01
-5.951939796182219578e-01
-3.565462738846331692e-01
-4.612314277222774317e-01
-7.996193115415836106e-01
-7.069018670020801309e-01
-4.888856717464597490e-01
-4.940098360676520861e-01
-6.068177752907902844e-01
-5.769075700284187480e-01
-5.622436535757486809e-01
-6.377460340289841101e-01
-6.892203455282855940e-01
-4.952420259686975412e-01
-7.946955113149688499e-01
-4.681677160267754267e-01
-5.120663560958719218e-01
-4.814982391426301800e-01
-5.165099069318596081e-01
-9.194873236297695929e-01
-1.026911296121555184e+00
-8.458432800654039907e-01
-1.012402983204455653e+00
-9.326559091309298832e-01
-8.097448619038034590e-01
-5.926577549006898371e-01
-4.756225201525500212e-01
-8.010415326060377206e-01
-7.581464833563452688e-01
-7.999705003814260307e-01
-6.425608694056652581e-01
-1.070781002958331563e+00
-1.035799988634378277e+00
-6.361098396597330007e-01
-8.784897410392836781e-01
-6.093978710900365137e-01
-6.358023838823383400e-01
-1.050590954831827073e+00
-1.126421161698458961e+00
-9.775668763853332388e-01
-9.224028017308445460e-01
-4.653687560890089614e-01
-7.823489132079419761e-01
-7.913998077365791417e-01
-5.715406040182811065e-01
-5.968505707630881174e-01
-1.125191396255221132e+00
-5.994494532580354473e-01
-4.643386423079320924e-01
-9.702488391386362432e-01
-7.138665884008096318e-01
-5.092755005592576323e-01
-4.645018577976880447e-01
-9.928868116511937458e-01
-5.010799588607617316e-01
-5.899502021830962395e-01
-4.656799074246100734e-01
-5.764035058532243072e-01
-1.265388651826748534e+00
-4.757251515647949458e-01
-1.263466034732900756e+00
-1.138080615389120309e+00
-5.222725101994825092e-01
-8.073329704529201845e-01
-8.239349248753570221e-01
-8.849219495927070911e-01
-7.239713674841659063e-01
-1.435446499526786823e+00
-5.593580700920894877e-01
-9.257550052991659895e-01
-6.750189980044640770e-01
-4.944961264636559273e-01
-5.929339845667996878e-01
-6.434332960150179748e-01
-1.376390901514326748e+00
-9.543638849114097766e-01
-1.049894805924836527e+00
-6.101081417474303326e-01
-1.188489638267435700e+00
-5.253295379860212222e-01
-5.593857023994189825e-01
-8.361662624351020590e-01
-1.066911186344211337e+00
-7.359413172440015805e-01
-6.599242687730497714e-01
-6.291970841556264737e-01
-5.402107923455063965e-01
-7.253003474055426114e-01
-5.598758254126163791e-01
-8.584499505858558255e-01
-7.473856357163650710e-01
-5.665771789691935734e-01
-9.536433283471188460e-01
-9.609163315688171725e-01
-8.981713261510785307e-01
-7.205589497173426894e-01
-5.883560468884050376e-01
-1.305668136036032489e+00
-7.387381685697671507e-01
-6.593653643962857913e-01
-5.371482884636832322e-01
-8.391278924861016453e-01
-1.372846286583702335e+00
-5.459546102681172020e-01
-8.669388689660664227e-01
-8.544555267610324245e-01
-6.352014746853076321e-01
-6.018219116640978195e-01
-1.037671808767966164e+00
-4.977538173036180624e-01
-8.745305232157321029e-01
-1.268195862946305486e+00
-1.091717459049363903e+00
-5.379130867968140439e-01
-8.167712208017721132e-01
-1.229447894555135701e+00
-5.326339143666453113e-01
-5.801422246292867735e-01
-1.158621937788885781e+00
-6.614230942126350099e-01
-1.128059448110984464e+00
-5.275730014497609366e-01
-5.923854045734174845e-01
-5.674278227310023404e-01
-5.244933479366981066e-01
-1.152619257629940108e+00
-9.725433616808860648e-01
-5.020125433350461908e-01
-6.233111849228144541e-01
-4.251622297084947655e-01
-6.985717499777241990e-01
-5.935874133116929574e-01
-5.179703228820627947e-01
-5.613498424594781655e-01
-7.094570948041538649e-01
-8.270736584438284078e-01
-8.289334316290363214e-01
-8.636447146375642037e-01
-5.493351060081540504e-01
-1.033315948849750088e+00
-5.902648842242029792e-01
-1.008153979321416482e+00
-5.570598163174208528e-01
-1.114978789709256235e+00
-9.718160024167196154e-01
-4.741967465383782887e-01
-7.965789130937480644e-01
-4.413713260593906673e-01
-1.244252942331017797e+00
-6.400730669136589501e-01
-9.940650678755725833e-01
-1.186479912656845492e+00
-4.962246582647748538e-01
-5.043738526902852293e-01
-5.894924762701583276e-01
-4.824818139404321027e-01
-6.115387703839896272e-01
-1.096344655905808541e+00
-9.161784564000287068e-01
-9.069313395986268178e-01
-1.138054421956511186e+00
-8.543345118202165800e-01
-1.099286964678739542e+00
-9.473673260860652201e-01
-1.183602411036664748e+00
-5.849502517208119423e-01
-7.673668780626272667e-01
-7.821239067749484741e-01
-6.480049939395462477e-01
-5.769160262325065958e-01
-6.709382984991286714e-01
-4.898043143084035989e-01
-8.485037346165196226e-01
-1.021147189464542970e+00
-9.576743624223041929e-01
-1.055700551252189090e+00
-1.216223018385610644e+00
-7.883643553803424409e-01
-8.781103579368398915e-01
-9.785177891651929416e-01
-1.262084318037035136e+00
-5.833383380541456997e-01
-8.916151373587141160e-01
-7.744804216319616241e-01
-1.001983667624660734e+00
-5.695649801612358010e-01
-5.618622896206273420e-01
-9.886416092530001531e-01
-9.533226572525858034e-01
-7.098189062566850893e-01
-4.369474878235440896e-01
-1.027118558190471376e+00
-1.148864084629372728e+00
-5.329771312843312181e-01
-5.467631924076912231e-01
-5.672210367058478919e-01
-7.518398681744837830e-01
-1.177368687924164048e+00
-4.772993989348760513e-01
-5.514705439597225034e-01
-1.061033009853630249e+00
-6.696561361040238580e-01
-1.051453307101230639e+00
-6.456195525641282851e-01
-1.007869156932949650e+00
-5.160197099077793448e-01
-1.035239583253058537e+00
-1.034414730709965591e+00
-5.425291193542969292e-01
-1.184376319693002833e+00
-5.499773341826310613e-01
-8.032904882550307990e-01
-4.737464507346368925e-01
-6.821442458657581698e-01
-8.034313675004208788e-01
-4.569485737883051679e-01
-6.962297559957316695e-01
-6.419694546933093493e-01
-9.472466419383654967e-01
-1.179478506699469298e+00
-6.016360216167082609e-01
-6.559360835445580129e-01
-1.093865153823443626e+00
-1.005957240491734073e+00
-6.616326598405174453e-01
-9.387041704727291380e-01
-1.009144810696532168e+00
-6.276200184429803208e-01
-1.177858633870719540e+00
-7.649953270677007922e-01
-8.402859590678055657e-01
-9.341825383777976333e-01
-8.559384605006377100e-01
-8.735383286888452892e-01
-7.206451646725919868e-01
-7.104691392866265831e-01
-8.638470034352269122e-01
-7.924213885292696880e-01
-4.886139761005530713e-01
-1.034926513308907614e+00
-4.553607812651065401e-01
-1.078961007403049344e+00
-6.096126341152410255e-01
-1.457210723722368373e+00
-6.747996220635741338e-01
-6.529977078971070936e-01
-1.055949733329721640e+00
-6.640008936409114160e-01
-5.788327107375158542e-01
-5.145477083581184718e-01
-9.580248037943768225e-01
-5.664221571496029783e-01
-1.029566932673543489e+00
-6.368063129420380442e-01
-3.034358212961872914e-01
-6.327162169097293454e-01
-7.056447385224788871e-01
-5.467524561076803069e-01
-1.000987272704106479e+00
-5.247252464752796275e-01
-1.267631731927554295e+00
-1.065593673718337575e+00
-1.089042897405558818e+00
-1.179383725217076462e+00
-1.219376979912839110e+00
-8.865953584092082229e-01
-1.068793618982201821e+00
-6.139615956972054311e-01
-7.368631369800965336e-01
-4.947582844153315951e-01
-4.103757855794053500e-01
-6.390321713623497990e-01
-1.002583455474895135e+00
-9.179018966707889193e-01
-9.409677409693104622e-01
-1.186375349167641424e+00
-5.030270620578251028e-01
-1.057565905040838805e+00
-1.126379781215513409e+00
-1.090944474121907426e+00
-6.990379160946711412e-01
-1.178783243511845713e+00
-7.831688169865893556e-01
-8.943603896572234202e-01
-8.225008942369229636e-01
-7.664927726493115934e-01
-6.113371457294549671e-01
-7.286825211235828936e-01
-7.081692763894397169e-01
-8.665481327453848914e-01
-8.081616242718632215e-01
-8.386594706017463929e-01
-1.097496107334294368e+00
-8.742275204485716600e-01
-6.265589391740477021e-01
-7.808071671281521242e-01
-4.605493971748612081e-01
-5.078513216333500058e-01
-6.134205408179914665e-01
-4.762034819475531866e-01
-9.376162513690506906e-01
-1.947169953762985795e-01
-1.721214267137533005e-01
-9.116480959844649457e-01
-7.384969217146750697e-01
-6.654141356234984928e-01
-9.851132277328777942e-01
-7.736552495605230062e-01
-8.833607071310631831e-01
-8.553924042243210568e-01
-5.289333246617183848e-01
-2.624793301511865740e-01
-1.910071964967637870e-01
-5.788062602849486371e-01
-5.727302773655555956e-01
-2.919280067624986930e-01
-2.827078516913937301e-01
-1.567413650426726368e-01
-2.447209715204791969e-01
-2.265611592069603775e-01
-5.224869482071128335e-01
-1.340469621559293945e+00
-1.096906010515130259e+00
-5.700572483682913028e-01
-6.034848467945733708e-01
-4.589097965651212641e-01
-2.460482672218186617e-01
-1.969531426713533595e-01
-5.236534162383379432e-01
-4.771275792148946815e-01
-2.819419262877828070e-01
-5.794374425604484902e-01
-6.936031038393769554e-01
-6.314959390025157715e-01
-9.068764582401286356e-01
-5.448739018224119102e-01
-5.390571881702677093e-01
-4.992980957485773641e-01
-4.971919609565157439e-01
-3.645722569381763534e-01
-2.769332216976122529e-01
-5.027888623199007201e-01
-2.318022242822140033e-01
-2.123231568020397808e-01
-4.920205018019689347e-01
-2.753834832742905747e-01
-2.544696335362690021e-01
-2.729292042369736437e-01
-1.736959528702054223e-01
-2.959770710177782593e-01
-1.344406377244039552e-01
-1.769399030358796143e-01
-2.081312271344790965e-01
-6.224678763947825155e-01
-4.694996404787641353e-01
-3.310235301088828574e-01
-2.935371456713243843e-01
-5.337422212610418715e-01
-2.821592568105497079e-01
-4.892971544897933844e-01
-2.170376082873242130e-01
-1.764267233674536861e-01
-3.788272644420658808e-01
-9.692386389099011401e-01
-5.362870644903783290e-01
-4.049615047545918056e-01
-9.185915773114109451e-01
-7.100140191555356362e-01
-5.872023770021660427e-01
-5.842378353477525321e-01
-1.194586611830146472e+00
-4.989360780493331537e-01
-4.685928836489666183e-01
-7.901050569998919748e-01
-5.117087293119421121e-01
-4.845130758760605172e-01
-6.390106142964087077e-01
-4.952820639902161259e-01
-4.851949510566876400e-01
-5.263527559284426616e-01
-5.067248263783425966e-01
-5.898642505311766371e-01
-8.560301751407602966e-01
-5.711839739422907014e-01
-1.006459419035282910e+00
-5.298308712620856120e-01
-4.887370615722111400e-01
-5.469390379020635518e-01
-7.885292892063278103e-01
-5.539416238412346871e-01
-5.879766084914429536e-01
-4.612199711678648950e-01
-5.648625648153858814e-01
-8.095417213472544393e-01
-9.383226215331719189e-01
-5.502734004897924525e-01
-7.884616192611529906e-01
-1.049716222416005929e+00
-9.742540074557373142e-01
-1.118124801916681621e+00
-7.086836965097930152e-01
-7.770359880480538495e-01
-8.552347140414250370e-01
-9.058428718214812658e-01
-9.721965812113314565e-01
-4.686755077938248304e-01
-9.016706108404651809e-01
-1.060736213400643946e+00
-1.197314178166304588e+00
-6.011184770542261635e-01
-5.135625534598049491e-01
-5.115782530244890047e-01
-4.472562966291103725e-01
-5.311221127854155455e-01
-5.621253895181880234e-01
-4.440084876086527466e-01
-5.689384071601366610e-01
-5.518197072190624830e-01
-5.037452853508932460e-01
-4.704438097391871465e-01
-5.036602218929613350e-01
-4.735658756414241055e-01
-4.389363701455612499e-01
-5.177273569154003940e-01
-1.485020857005584283e+00
-7.109639301941641509e-01
-7.839470107965297307e-01
-4.728431971712290793e-01
-7.090427539486222619e-01
-1.130407732916897556e+00
-5.000809735946006862e-01
-4.620556980021185978e-01
-1.395940194669289092e+00
-8.735059157583870970e-01
-7.173543132507957942e-01
-5.790466511087750678e-01
-1.006199742457961621e+00
-5.539937193625018574e-01
-4.609816498604514812e-01
-4.877281806323744417e-01
-3.568232325683003969e-01
-4.643784994570253621e-01
-6.509800543320172217e-01
-1.185754657029753245e+00
-1.177071274374777987e+00
-1.401159630586263471e+00
-4.843800868808691984e-01
-6.912675901776064169e-01
-1.087964150652432016e+00
-6.066474520967427564e-01
-8.229415665446734307e-01
-4.770233097024269564e-01
-4.967262402585537751e-01
-9.791614214946228190e-01
-7.015311395458363464e-01
-5.299852657377632781e-01
-7.638018456011571589e-01
-5.057159260968568937e-01
-8.144141502197731475e-01
-5.241399074479602405e-01
-6.952725335954578201e-01
-6.985672851070455769e-01
-1.105668497555669205e+00
-5.065606976608094669e-01
-6.370533324316474122e-01
-7.181864106875370801e-01
-9.882462555737383525e-01
-1.341724525147315328e+00
-5.527109036073033499e-01
-1.083839460694215440e+00
-4.768093140194868407e-01
-8.499262966376562867e-01
-1.341239755570259984e+00
-5.086009480605498956e-01
-7.757684889694049790e-01
-5.180803664135747999e-01
-5.228621085405142921e-01
-9.371148694712695404e-01
-4.755308176645829943e-01
-5.020818186061360988e-01
-5.197824358938778477e-01
-1.007524393391397988e+00
-4.911401419720618500e-01
-5.235779338280708295e-01
-3.694323340036065884e-01
-7.300013907418542169e-01
-1.033911397360426365e+00
-6.727488027563609529e-01
-1.174425754648267706e+00
-5.516374462146154123e-01
-4.997698004870128052e-01
-4.604542588027856209e-01
-1.007185131906410902e+00
-4.983847718564666796e-01
-9.462752349437418831e-01
-7.074648161298139337e-01
-4.775509354003486528e-01
-4.802985080839624055e-01
-6.314691730719976803e-01
-7.150472920755233108e-01
-4.495931504539539270e-01
-1.264050506261406692e+00
-1.021309253511186954e+00
-8.248846716011845048e-01
-1.010175288077499012e+00
-1.104649880223731451e+00
-1.181928625531572408e+00
-4.005740325936428259e-01
-9.052656856218233017e-01
-7.422464471627863158e-01
-5.385293017329745302e-01
-1.036025957090263461e+00
-5.219966957459047929e-01
-4.955543768761105361e-01
-1.173385707451622295e+00
-4.826848678079641020e-01
-7.510512209170493447e-01
-4.244743517876729544e-01
-5.968290331449351838e-01
-6.824777437523965595e-01
-4.973976527717731133e-01
-1.111711234322285247e+00
-5.004734535152748354e-01
-1.196365829159000471e+00
-1.036489160276089283e+00
-1.166258975625005023e+00
-5.728675937805253193e-01
-1.333251209666124426e+00
-1.321606380689999583e+00
-1.193308855451030048e+00
-1.352664083988147192e+00
-4.994825377877504802e-01
-1.080809056151704750e+00
-9.445032718805106420e-01
-6.204296323606556252e-01
-9.225692279335625523e-01
-6.675429363657153781e-01
-1.225777040340806368e+00
-1.388934047675412398e+00
-5.545048527901594859e-01
-8.699747294147112120e-01
-4.778267823023201744e-01
-5.066325371261811705e-01
-5.736903978993812547e-01
-1.039938345618258264e+00
-9.021240826504514088e-01
-7.586399639160384956e-01
-7.771049728294382453e-01
-4.456664632832207373e-01
-4.750354438982664074e-01
-6.085816856233327021e-01
-6.108504649438252221e-01
-8.748572862711098130e-01
-6.022597904554396475e-01
-4.730994513291929549e-01
-4.941447342491573913e-01
-1.183754348107654231e+00
-5.719619227814256579e-01
-5.849703713110117054e-01
-5.049974627107252090e-01
-4.990388250019233696e-01
-4.803230838584027218e-01
-4.759837530711414355e-01
-5.147933503197548166e-01
-4.800824944940174088e-01
-4.487394910162463280e-01
-4.972089341815899566e-01
-5.299176987016194218e-01
-5.306665570648549934e-01
-5.949000127963912643e-01
-4.031535318263994028e-01
-4.975086498110539712e-01
-5.175343876550920763e-01
-3.585287567065502667e-01
-4.691559016949439775e-01
-5.265045808239144920e-01
-6.718896358008429326e-01
-4.490428849904101183e-01
-4.773793029387153886e-01
-5.143200265984183561e-01
-5.471032506953668051e-01
-5.073528315257054278e-01
-5.050865664635731944e-01
-7.641270813430303122e-01
-7.063515167106428905e-01
-4.987833242537628720e-01
-9.305513606250631620e-01
-5.277792662380738076e-01
-4.856765809603150186e-01
-5.097877539829670512e-01
-6.780991463051855295e-01
-5.194172664668130768e-01
-7.298182922007417917e-01
-5.029310898377691297e-01
-8.673991020811767649e-01
-6.138409923907236498e-01
-5.845170690163631333e-01
-5.520978195341995631e-01
-1.307221843325855337e+00
-1.071968299939857650e+00
-4.725251024087523954e-01
-5.336694655261740028e-01
-1.272978766278421325e+00
-5.077160928009214480e-01
-4.505821349930137498e-01
-6.846453871895190613e-01
-7.132838900694740136e-01
-5.955128184527647139e-01
-1.410650718431288642e+00
-9.887543656537767234e-01
-5.077235576570416908e-01
-9.993399118135510850e-01
-1.425104517039583962e+00
-1.115427107674389573e+00
-4.151841601507592072e-01
-4.894873231344971098e-01
-9.540824876813798205e-01
-5.135233047131059214e-01
-5.211554368083605171e-01
-4.930854959733897425e-01
-1.142683129730790670e+00
-4.933225110156383431e-01
-5.277487655984579584e-01
-1.171137351939194549e+00
-4.870056523953226746e-01
-1.111603777474627464e+00
-9.130193850439574099e-01
-9.113322322468043746e-01
-1.152838309294029528e+00
-4.900100616217580862e-01
-5.525387118591261748e-01
-5.324751821306663579e-01
-4.667096063752104174e-01
-5.022004947718969881e-01
-4.973512810456747757e-01
-5.773845600132786471e-01
-5.198632688932117718e-01
-1.021339805258862921e+00
-1.002307104129213533e+00
-1.349083849075586983e+00
-1.265310889958274787e+00
-8.260750161483418896e-01
-7.733513219340016898e-01
-8.857163653836274131e-01
-6.060879377644196042e-01
-1.087614276084139409e+00
-1.476289562990435567e+00
-8.845279334265959692e-01
-6.428717568695644369e-01
-4.605136057694717011e-01
-4.670729004504404758e-01
-5.105893223764482736e-01
-5.253825451902751631e-01
-1.326841404309424099e+00
-1.254890179737506495e+00
-6.797458095000855627e-01
-1.034263905361211489e+00
-1.099964665576730116e+00
-9.250262993297813097e-01
-1.221468741705429961e+00
-1.411664088390708116e+00
-8.861965313853218396e-01
-5.411646263679756874e-01
-5.793975272392466458e-01
-6.499582034105847450e-01
-6.474881045022371495e-01
-1.046968950312184399e+00
-1.117677880789581080e+00
-8.823417166370499665e-01
-4.842269191202059897e-01
-5.908556489954535085e-01
-5.274350716733121613e-01
-5.202145228956953638e-01
-1.016297442969720022e+00
-1.308612861490717316e+00
-4.833769278560277605e-01
-2.958183278766565727e-01
-7.254310098055395395e-01
-1.044924620208786958e+00
-8.173414569402468466e-01
-5.026232097439516933e-01
-8.177402434437107681e-01
-6.858909149472862676e-01
-9.214407927758456740e-01
-4.599706340051962217e-01
-8.163975264660581210e-01
-8.153044169178783607e-01
-4.844115982468304438e-01
-9.033965679729342169e-01
-1.088917274758617992e+00
-8.653914395121218295e-01
-1.234218393189253415e+00
-6.925216218786919287e-01
-1.128923200913951819e+00
-6.849136647000362288e-01
-5.623113181570648100e-01
-9.424895047082214594e-01
-1.039867808710891683e+00
-7.655476454515941498e-01
-5.103661315453047465e-01
-1.043174545690013000e+00
-7.350630879856271394e-01
-9.352947581781166919e-01
-8.740996053315824854e-01
-8.281951024018182617e-01
-9.758610562665041011e-01
-7.955544276361959932e-01
-5.428510796654196779e-01
-4.327193253486756319e-01
-9.271189730898825587e-01
-9.071354097540832440e-01
-8.386153651212099325e-01
-6.461686625197671230e-01
-6.004449763930207462e-01
-1.087713469113977593e+00
-9.107681093082636847e-01
-5.765785490369625954e-01
-5.867029201778151126e-01
-9.007748695590630517e-01
-1.116324539778982494e+00
-9.142310823808776910e-01
-8.558739842888927196e-01
-6.980895646762277362e-01
-6.555605569996112436e-01
-7.569229577960707722e-01
-5.195763189506396040e-01
-1.396346388845918884e+00
-9.356876597055476807e-01
-9.460589888840669204e-01
-6.262242483360118683e-01
-5.568434813027248742e-01
-7.807849418845086431e-01
-7.354503587380096796e-01
-5.130443071681930478e-01
-1.254023325383929244e+00
-8.405268955612116288e-01
-4.710570801658490181e-01
-6.796538724997417402e-01
-6.430576406322777716e-01
-7.143793515849882203e-01
-1.146205241610486647e+00
-1.002033062364798166e+00
-1.069193600133381938e+00
-9.356693280725172368e-01
-7.603683664522107311e-01
-9.563742631414036133e-01
-9.890963824442062791e-01
-9.788147042640746864e-01
-7.386981297888121079e-01
-8.822440147556313006e-01
-8.907845432018512977e-01
-5.695348207773321958e-01
-1.060160002161091741e+00
-8.741004031413269759e-01
-8.249573305257463796e-01
-9.810715762979136390e-01
-7.859694087435528109e-01
-8.943742064986806017e-01
-6.351355184937640397e-01
-5.841539448690222791e-01
-5.542274793363599628e-01
-6.829876250570440233e-01
-9.997657200225513741e-01
-6.048861798616829155e-01
-7.699821269782785027e-01
-9.133880191289019956e-01
-1.112924605292375579e+00
-1.243263886581757793e+00
-9.188294163852843699e-01
-7.316055388321722752e-01
-8.912147916806320014e-01
-1.169248431349577455e+00
-9.438304905083031437e-01
-8.284115395190426723e-01
-7.929786871769960444e-01
-1.481084319399824878e+00
-9.206466592647536418e-01
-6.455846136855575290e-01
-9.117039345491514402e-01
-9.219877309590184256e-01
-4.615553508480886302e-01
-8.358612332929103994e-01
-8.142897008486247312e-01
-1.095027796501241157e+00
-9.768065135454709891e-01
-8.778466615910519577e-01
-5.071839848936668949e-01
-9.429724839133298842e-01
-8.377653994304319340e-01
-1.379265807855618364e+00
-1.268552948162940508e+00
-9.224289596786179324e-01
-7.729361621775678870e-01
-6.438815444646079911e-01
-8.606456565042934770e-01
-8.484481817281696037e-01
-1.136356666705038654e+00
-5.577368158319141456e-01
-5.706901091062992482e-01
-7.418949611386863596e-01
-6.137345095951535212e-01
-1.003738794805303813e+00
-1.083152778046960751e+00
-6.795979221682557636e-01
-5.216442758968441451e-01
-5.094179724409143573e-01
-1.389558952508596734e+00
-5.852074240091595936e-01
-7.718007895053570211e-01
-8.584940711265669488e-01
-5.413069543930049132e-01
-1.222543226685846252e+00
-1.100168073252876466e+00
-1.339849354153876515e+00
-8.748886305267011831e-01
-5.266849129449935329e-01
-6.348323924370790072e-01
-5.243477653310909536e-01
-8.744969845668718600e-01
-7.210987383638799431e-01
-7.687241316263296875e-01
-1.236924148219420871e+00
-8.830703165258966258e-01
-1.065177850231177281e+00
-1.123020456639637121e+00
-7.676264024690300225e-01
-4.316945585054147161e-01
-9.250246145134132236e-01
-6.289736477806526782e-01
-4.183119223460374791e-01
-6.241687102449540170e-01
-7.880937951367337213e-01
-5.000998563857921297e-01
-9.115862785668441548e-01
-5.254854886550096582e-01
-7.028403402498261121e-01
-4.931696928837714933e-01
-5.934220837749024646e-01
-7.938979756309473279e-01
-5.403805429567936081e-01
-8.288641050075196137e-01
-5.977496827026823611e-01
-1.002765526496265158e+00
-9.786260491946001672e-01
-5.646000786772817914e-01
-7.824366534442610543e-01
-1.191098717561815734e+00
-1.202903051062248041e+00
-6.387427864676620271e-01
-1.125940404978938547e+00
-7.496033659440131114e-01
-1.266162744316209787e+00
-8.521493704274876180e-01
-5.757833379822924202e-01
-8.031097057369598335e-01
-1.102729277594844737e+00
-7.714512416621553959e-01
-1.021480555311269800e+00
-6.703720028804880382e-01
-5.955758836403768353e-01
-1.192799286128345626e+00
-5.713988099730377135e-01
-6.035355079220969809e-01
-1.179407925317436989e+00
-9.482488372836198609e-01
-6.490798616681652256e-01
-1.150063806053470250e+00
-1.093889142885714261e+00
-1.497329905829466234e+00
-1.021929090068379953e+00
-8.831446215869429572e-01
-9.285349441727314135e-01
-6.343745173961479189e-01
-5.556131833128341579e-01
-6.959658271733921708e-01
-9.237052278277770867e-01
-4.855651414808047073e-01
-1.256418562990639254e+00
-5.066773000462554410e-01
-1.019088154550130687e+00
-8.716426235624677998e-01
-8.910383240100488988e-01
-8.026097711614891272e-01
-5.458693452944436419e-01
-8.712939915605790731e-01
-7.295299896856627386e-01
-5.306662716554475523e-01
-5.438686297118076052e-01
-9.875455794308847235e-01
-5.016155251960076056e-01
-4.062360310078531045e-01
-2.993059571138383945e-01
-5.444593279600481450e-01
-5.350152389578175516e-01
-6.193290666935861166e-01
-5.288916985271406856e-01
-5.195192699909351175e-01
-1.089723564359252439e+00
-5.479106595524012580e-01
-5.255472962222826894e-01
-4.951401853539954545e-01
-1.478241976762109555e+00
-4.975439216505417872e-01
-5.505320663361860101e-01
-5.111603008613263555e-01
-4.825706514420129434e-01
-5.978540218448814558e-01
-1.009733950219769971e+00
-1.019001246245738956e+00
-3.052705453266723601e-01
-1.221178654494119220e+00
-2.751172215295092927e-01
-9.955120543090089091e-01
-6.776634875921964118e-01
-1.251931841825622227e+00
-1.026389508314037302e+00
-1.262750772723578274e+00
-4.565852375380188843e-01
-1.083943716762151288e+00
-1.331408665518078793e+00
-1.153873143520797173e+00
-4.812106463052719940e-01
-7.076090847662149796e-01
-6.273089660140152013e-01
-9.272597119766265994e-01
-6.028877705688131527e-01
-5.588144516673265727e-01
-4.895353305182790771e-01
-1.303169720854783442e+00
-5.214784760086006443e-01
-4.957259090869346463e-01
-5.082230203307772642e-01
-6.410695457038795286e-01
-8.176028759785336497e-01
-4.745287955668074376e-01
-8.954384773074328674e-01
-5.818370688018350556e-01
-1.054602661112506334e+00
-4.929272019845753472e-01
-5.193201489091806566e-01
-5.517557066429620294e-01
-5.091487967454606522e-01
-4.191001963047494283e-01
-4.857427952078766653e-01
-4.597280290492767874e-01
-5.331792050358458157e-01
-6.287063444952555313e-01
-4.500550984190467840e-01
-4.727695479442172166e-01
-5.092986979554078308e-01
-5.131333819941286123e-01
-5.038787574176405437e-01
-5.274202680234826301e-01
-5.152197904945302609e-01
-5.745594157493009169e-01
-5.167336190038805954e-01
-5.821636322573189304e-01
-5.549639687749359229e-01
-5.081937117304307083e-01
-5.202741614320510743e-01
-9.309717393192147306e-01
-4.788072845118835352e-01
-4.717761697324855397e-01
-4.469493572137551718e-01
-5.077871365693549244e-01
-5.107185810393742864e-01
-5.245744969823061821e-01
-5.001189084977123445e-01
-5.119628920762027136e-01
-5.261377375317013438e-01
-5.043820851255941262e-01
-4.896376634112641901e-01
-5.153866855801886304e-01
-7.809080832618086054e-01
-5.453689103261061266e-01
-5.891187872306172801e-01
-5.431261902685806664e-01
-5.140605831515213664e-01
-5.775489255157988389e-01
-6.626548434994175008e-01
-8.112835527583799333e-01
-5.121034693367128021e-01
-1.335765467349334434e+00
-1.016899369801564479e+00
-8.161796343054554814e-01
-5.654386875838184334e-01
-6.375859322967667442e-01
-5.873567283609870682e-01
-6.343018804721810566e-01
-5.454468159921942449e-01
-6.067243178704547768e-01
-5.740685206318263401e-01
-6.342453600385342671e-01
-1.178800069814132101e+00
-1.082530285051818586e+00
-7.992672333162974541e-01
-5.070357395557774094e-01
-5.354300308585447921e-01
-6.619758073142000265e-01
-4.798354762237069804e-01
-1.038375222047977386e+00
-1.219284866276022727e+00
-1.500431857444076256e+00
-1.098494131900500159e+00
-5.345505030948968228e-01
-8.133708596033162319e-01
-6.494534147453483452e-01
-4.571552824227745337e-01
-1.260662519329414089e+00
-6.145251631245425283e-01
-1.100979056949638268e+00
-1.480353067221484631e+00
-5.365405427304559272e-01
-5.222660288838930631e-01
-4.890337881014089616e-01
-5.012420290494264963e-01
-1.157608837277264602e+00
-8.117597558701555860e-01
-9.228266216287879242e-01
-1.111350053429007501e+00
-9.499837282863217158e-01
-1.234978824738104164e+00
-1.133326312692347848e+00
-1.042863351204047273e+00
