# the parameter of b hidden in the hidden layer
1.640077576975545792e+00
4.219636325075444283e+00
3.046835205009963854e+00
3.174487203068968366e+00
3.544487584479077746e+00
4.889791256118773966e+00
2.732188608964353893e+00
3.737373960195605971e+00
6.861471548432860779e+00
4.221406892675364730e+00
2.674358605947238843e+00
2.360193456744985596e+00
3.784914211639633042e+00
3.381237444838312012e+00
4.652062647030582809e+00
3.113613799089681500e+00
2.813467467128838440e+00
5.663630594667018237e+00
2.224980723897905133e+00
3.620555273955508913e+00
3.866097404889206945e+00
4.899981993296012028e+00
4.750674522336114869e+00
4.855585827138770405e+00
6.577299689184280318e+00
4.730695928570623821e+00
2.864820281557268089e+00
4.589719014460605706e+00
2.070656698779038241e+00
3.160890657624034539e+00
6.485703205607011412e+00
1.035831624862726841e+00
1.812108429901012174e+00
3.541821124780247576e+00
3.469065930065634795e+00
3.754313745308278438e+00
3.494666008850435546e+00
5.282470096079730837e+00
2.303786794881854227e+00
5.397372995676447793e+00
2.574920326396049397e+00
3.988612222783227246e+00
4.741216393436650911e+00
3.007040146428433314e+00
5.350775577255364013e+00
4.616239828485525720e+00
3.466544544079112278e+00
2.817625576160413647e+00
4.260870564022953388e+00
3.258966361725787131e+00
