# the parameter of b visible in the hidden layer
-1.490303661794251389e-01
1.961565042988527019e-01
-1.086800931149903143e-01
-3.384028480116552662e-01
-6.007555233586939908e-02
-5.185704871963374429e-02
-1.680029121842267770e-01
-4.094730026837675729e-03
-8.448640217647246375e-02
-1.392661416785933859e-01
2.772305909939434820e-02
-1.706407648062524887e-02
-8.633631017685859665e-02
-1.378517112715130777e-01
-1.124932512934023743e-01
-5.470805866899501428e-03
-2.911858438387038839e-01
-3.597437203834870090e-01
-7.502084474260081737e-02
-3.540199075979044707e-01
-4.285759463565341210e-01
-5.910173446924965601e-01
-1.191305651695277606e-01
3.392317539476960575e-02
-1.657570910570031475e-01
-2.227085309435837546e-01
-2.376815442934547551e-01
-3.108166114100153754e-01
-1.126679973091673920e-01
1.405184066551413979e-01
-2.538237251677454287e-01
-1.653752761553635153e-01
8.164014408056452510e-02
-1.059657002224886485e-01
-2.941868483461961281e-01
1.144291764464117067e-02
-3.163025132182237242e-01
-4.322708897911071713e-01
-1.173226315320627933e-01
-3.063058155391118129e-02
-5.131757339351130341e-04
-7.370305676159820407e-02
-1.620041751139911501e-01
6.128743628497047152e-02
6.344745788996733471e-02
3.259532486249432526e-03
-2.728258523038921135e-01
1.555633870558419396e-01
-4.172732039683602623e-01
-3.318179040093997834e-02
-1.098342999572257117e-01
1.744259906801526594e-01
4.045553136411225714e-02
-3.618886306899193883e-02
-1.058014777983802279e-01
1.511225514446372931e-01
-3.203895536161916469e-01
2.472218172272978159e-02
-3.067284085927518555e-01
-2.733755126672987035e-01
-3.177387523203183961e-01
-7.064048889370111439e-02
5.195805041567717192e-02
2.127046997227350078e-01
-8.141590243882020073e-02
2.476498108818878385e-01
-3.191929735634155829e-01
-2.425957621488598615e-01
-4.028651220186146853e-01
-3.306743870746576830e-01
2.078892615060945193e-01
-1.954935068055374259e-01
-2.078889348811026883e-01
2.057416245024175916e-01
-7.975875866021655755e-03
-2.865768939779371749e-01
-3.313588161856617087e-01
-1.185970749553797582e-01
-6.523765660261825194e-02
1.833557394915303340e-01
-1.691840149194836357e-02
1.997865366351217753e-01
-9.658607520324827278e-02
-2.533607334800931643e-02
-5.127496675891806133e-01
-7.897214961466844652e-02
-1.941149656078411667e-01
9.948550366102888037e-03
-3.738245576720267693e-01
-1.829865347274524101e-01
-1.010623824994493491e-01
-1.546050391260970214e-01
-3.518016517541702193e-01
-2.294833448954384791e-01
-4.960534972901926506e-03
-9.318567873663895218e-02
2.819438110588650681e-01
3.335316471229080038e-01
6.001340971895212720e-03
1.971704833542824997e-01
-1.296366991414635850e-01
4.833693042221565705e-01
3.632949481021312266e-02
-1.518065231047080466e-01
1.197002507925824660e-01
-2.465237301479498988e-01
-5.816530644059373853e-03
-1.150969448378458826e-01
-3.081173248184275182e-01
6.055784266096399249e-02
-8.127669451378340126e-02
-1.642936652677588483e-01
-3.615012262645874580e-02
-1.750317366069703562e-01
1.026558675063081287e-02
-3.199469275208476349e-01
-3.357168566070640736e-01
-8.252430171487834185e-03
-9.293081056348072300e-02
-6.244783549284584068e-02
-1.020465931123662809e-02
1.700893849716185180e-01
9.635541737279351704e-02
-4.555274411389158284e-02
-2.093386288787611391e-02
-5.052903294024013725e-01
-8.507484110912179320e-02
-1.303750777894588653e-01
-8.792245123288399203e-03
1.853333311767907388e-01
-9.626467244200970219e-02
-5.967485523171995876e-01
-7.947092125682835018e-02
3.138728252206448577e-01
-5.683555359575796773e-02
-2.331289171748003042e-01
-2.667137304800187847e-01
-1.314320580009519235e-01
2.103631003202730554e-01
-4.787776944825953840e-01
-3.032911547234264371e-01
-1.732426546321856053e-01
-1.330195525477078644e-01
2.172683563475226887e-03
-5.856253365150732026e-02
-3.418396740168514469e-01
-1.611389099029631178e-01
-1.205825905468447812e-01
-1.775642336230167095e-01
-1.344758167937962767e-01
-1.479744386788574007e-01
-3.194259306927717534e-01
-1.127661256982017274e-01
-1.499740664734244000e-01
-8.152850332035174730e-02
-8.890701480193038964e-02
-4.146712869954559677e-01
8.409215763819262446e-02
1.181198387111745685e-01
-2.322375152504135287e-01
-7.509983669258675498e-02
-3.695894177375920742e-01
-6.983803678407969617e-02
1.509819075795681420e-01
-4.794556536779338851e-02
-3.522896041500220982e-02
-1.767196374905025125e-01
-5.679767188368471664e-02
-4.275667152432979790e-03
-7.121512901831641984e-02
-1.522461067075940311e-01
-1.492787971709347017e-01
-2.144912144508155927e-01
-1.340184565787509441e-01
-2.317854499927004541e-01
9.929888374518285044e-02
-3.544263401877976172e-01
-2.129539991808985025e-02
-5.026907743518095328e-01
1.109571991307820443e-01
-3.847797895958885439e-01
-2.220201489699487052e-01
-2.908475816137221504e-01
-1.061249717798817410e-01
-3.062127452899382485e-01
-2.352857400811810551e-01
7.731795011655599736e-03
-7.830811740385806852e-02
-4.538720689716262829e-02
