# the parameter of b hidden in the hidden layer
-1.373277908009018222e-01
-1.620472534203126758e-01
-1.796833753832923763e-01
-1.012960659533230917e-01
-2.516544565460847038e-01
-2.909271276098798764e-01
-2.628008567556946451e-01
-1.158047430872263667e-01
-1.527144348128081364e-01
1.247404063446985595e-01
-1.879002166423723169e-02
-1.461454677435412297e-01
-1.013975408153012653e-01
-1.929424573799644882e-01
-6.412666949774742386e-02
-1.051683798195519326e-01
-6.832550970172588702e-03
-9.815593628148225336e-02
-1.077479561966685484e-01
-4.212659016086192643e-02
-2.711097470780648444e-01
-1.124706758806362505e-01
-5.365108177733739214e-02
-1.165164305579573234e-01
4.679114808216207344e-02
-5.143203826289585029e-02
2.413853932825240634e-01
-1.268086201974411853e-01
3.345642816040417938e-02
-1.415873522464275724e-01
-2.490130174347714165e-01
-9.697514887017395779e-02
-9.066523576733628853e-02
-1.492313224855317533e-01
1.556871355585726091e-01
1.071125003757882055e-02
-2.227616695956645063e-02
-5.839810327699311576e-02
-1.297833787089998914e-01
-9.026957275243673029e-02
-1.385366775096994185e-01
-3.428237688966859903e-02
5.406195684680759062e-01
-4.791716224964884946e-02
-5.699377072065198169e-02
-5.171275580816533241e-02
-2.578826327918673500e-02
-5.926039248504201551e-02
3.159848111403887327e-02
2.197895967877822043e-01
